# 流源IP 目的IP 优先级pg 目的端口 数据量(Bytes) 流开始时间(s)
# src 		dst 	pg    		dport  	 size				start_time
2774
25 123 3 100 66130 2.000001009
106 60 3 100 44195 2.000003456
66 103 3 100 1075820 2.000005470
34 1 3 100 8490441 2.000009171
78 61 3 100 5224464 2.000009960
35 92 3 100 1573221 2.000013297
72 127 3 100 422 2.000016143
70 51 3 100 13075 2.000018680
71 50 3 100 4120334 2.000020175
34 23 3 100 2275 2.000024888
116 14 3 100 13363132 2.000027312
1 32 3 100 2060085 2.000034550
59 87 3 100 7012 2.000035856
121 15 3 100 32128 2.000042950
35 81 3 100 1772470 2.000043335
10 123 3 100 618371 2.000044333
97 88 3 100 9354572 2.000045500
99 39 3 100 4007827 2.000046574
104 0 3 100 4989035 2.000047585
83 127 3 100 25312955 2.000048758
41 121 3 100 1843841 2.000059856
6 52 3 100 4750408 2.000059982
16 67 3 100 68525 2.000063728
110 86 3 100 390934 2.000063956
71 13 3 100 29821 2.000065088
93 38 3 100 28170453 2.000067224
24 43 3 100 42530 2.000069552
117 40 3 100 61587 2.000073879
118 12 3 100 100 2.000075613
53 3 3 100 1679559 2.000075830
107 82 3 100 16586 2.000080286
16 119 3 100 63871 2.000082774
86 76 3 100 22090 2.000082859
5 117 3 100 3711 2.000090680
95 60 3 100 78067 2.000100414
72 49 3 100 591590 2.000100959
1 125 3 100 5654 2.000107144
4 50 3 100 22964 2.000110696
57 40 3 100 1635440 2.000113676
26 9 3 100 3400 2.000115320
21 117 3 100 80940 2.000117370
31 3 3 100 1446481 2.000122581
37 52 3 100 18796 2.000123077
55 40 3 100 37666 2.000123694
28 109 3 100 929508 2.000128477
90 23 3 100 16270 2.000131072
77 28 3 100 12107 2.000131476
25 71 3 100 154182 2.000136257
53 69 3 100 24639 2.000142266
99 0 3 100 7576 2.000145598
56 66 3 100 73508 2.000147820
70 2 3 100 23089290 2.000147950
92 40 3 100 2088759 2.000151075
61 47 3 100 5182043 2.000157191
19 106 3 100 41877 2.000157630
123 96 3 100 23658 2.000162199
126 110 3 100 287422 2.000167241
9 27 3 100 649681 2.000168230
5 101 3 100 32541 2.000169007
7 113 3 100 415649 2.000172455
28 35 3 100 26270 2.000172577
97 17 3 100 273811 2.000174330
14 27 3 100 201682 2.000178203
10 119 3 100 11295741 2.000179098
108 14 3 100 44533 2.000185479
101 53 3 100 2091923 2.000188952
25 90 3 100 9580 2.000193905
54 95 3 100 92703 2.000196033
108 28 3 100 43111 2.000197708
0 65 3 100 36687 2.000198877
91 57 3 100 20754 2.000203037
102 73 3 100 48631 2.000203893
88 111 3 100 68948 2.000209651
85 111 3 100 96391 2.000210907
107 125 3 100 61521 2.000214293
52 5 3 100 8250 2.000217151
42 121 3 100 14287 2.000218545
114 39 3 100 767625 2.000222550
35 65 3 100 1037813 2.000222855
100 30 3 100 41498 2.000224153
101 15 3 100 1922257 2.000224671
20 98 3 100 9483 2.000224984
1 77 3 100 34988 2.000229373
45 48 3 100 8683 2.000235673
60 75 3 100 19426113 2.000240732
123 48 3 100 57364 2.000247608
20 115 3 100 1588771 2.000250520
90 112 3 100 73895 2.000251366
2 98 3 100 189586 2.000253466
119 88 3 100 4144872 2.000264658
112 14 3 100 6671921 2.000268673
58 4 3 100 5281593 2.000269861
109 91 3 100 808 2.000270742
125 26 3 100 17011068 2.000273397
60 2 3 100 64484 2.000273503
4 105 3 100 60497 2.000273930
75 53 3 100 28366 2.000273951
118 39 3 100 5356918 2.000274761
0 112 3 100 36119 2.000284434
25 44 3 100 2954033 2.000286399
70 1 3 100 3854634 2.000288321
71 39 3 100 1430347 2.000289093
31 99 3 100 8196421 2.000289410
62 78 3 100 1803560 2.000290258
44 124 3 100 7763 2.000294612
15 106 3 100 27337371 2.000298510
99 116 3 100 5065 2.000299352
97 80 3 100 43108 2.000299438
108 42 3 100 63182 2.000300934
103 34 3 100 31865 2.000301067
105 50 3 100 2887203 2.000304161
88 112 3 100 54000 2.000308892
23 115 3 100 8608853 2.000309390
53 29 3 100 159572 2.000310330
120 30 3 100 170495 2.000314752
39 79 3 100 27965 2.000314768
103 49 3 100 1035203 2.000315385
36 72 3 100 36796 2.000316402
105 118 3 100 8902 2.000320299
0 60 3 100 156570 2.000321128
110 88 3 100 324017 2.000321442
62 25 3 100 3407 2.000323623
84 16 3 100 741002 2.000327453
126 23 3 100 67515 2.000327953
55 33 3 100 11522 2.000333973
19 38 3 100 864670 2.000347433
46 28 3 100 19642 2.000350326
18 86 3 100 39786 2.000353153
1 77 3 100 4273 2.000353177
12 58 3 100 27059 2.000353327
66 61 3 100 8124280 2.000366544
72 124 3 100 1119735 2.000369021
11 17 3 100 397779 2.000378361
71 108 3 100 49145 2.000386634
8 64 3 100 25147 2.000387150
24 9 3 100 5722222 2.000388756
29 115 3 100 52744 2.000390155
42 7 3 100 4811958 2.000394625
4 119 3 100 7261 2.000402960
47 72 3 100 880803 2.000410604
58 108 3 100 19926 2.000415737
81 53 3 100 7569 2.000415840
63 80 3 100 2373135 2.000424526
28 89 3 100 15553 2.000431684
86 58 3 100 1688504 2.000441150
108 19 3 100 28300 2.000448186
16 122 3 100 25522 2.000448905
95 104 3 100 130998 2.000449078
44 122 3 100 8767188 2.000450973
108 9 3 100 9617111 2.000457087
20 6 3 100 6734 2.000459235
115 28 3 100 4949430 2.000460748
111 83 3 100 1750803 2.000464166
73 94 3 100 27800 2.000468703
113 82 3 100 7689 2.000474948
124 5 3 100 119 2.000475882
12 111 3 100 4644311 2.000480426
69 29 3 100 2931 2.000483079
44 3 3 100 18286 2.000486949
78 32 3 100 8357 2.000491888
72 82 3 100 3227417 2.000494053
118 41 3 100 4318674 2.000505850
16 3 3 100 5941 2.000509820
7 76 3 100 384689 2.000512345
79 86 3 100 1939409 2.000513067
123 100 3 100 7240 2.000515682
77 23 3 100 14437 2.000529959
68 91 3 100 288379 2.000530715
27 76 3 100 514730 2.000531787
36 90 3 100 148909 2.000531961
37 18 3 100 9340 2.000535242
90 71 3 100 1078061 2.000537837
95 71 3 100 2810 2.000539158
7 65 3 100 2541842 2.000540136
27 2 3 100 1998614 2.000541663
18 106 3 100 823494 2.000542130
11 43 3 100 50090 2.000543229
77 35 3 100 812836 2.000547038
78 84 3 100 19138 2.000550278
99 53 3 100 1152714 2.000551212
43 104 3 100 48681 2.000551426
110 33 3 100 68896 2.000554270
7 16 3 100 7814957 2.000555178
113 96 3 100 47022 2.000558326
22 119 3 100 194724 2.000558434
127 91 3 100 662655 2.000562499
61 25 3 100 8502 2.000566090
87 65 3 100 2560236 2.000571875
79 27 3 100 615491 2.000572765
67 119 3 100 36750 2.000575464
50 29 3 100 3773 2.000579568
34 61 3 100 79651 2.000581480
18 103 3 100 6385179 2.000582799
31 84 3 100 2426 2.000583576
46 87 3 100 12925 2.000584192
1 96 3 100 1558137 2.000588994
83 29 3 100 7637 2.000589190
15 50 3 100 6909727 2.000591479
127 42 3 100 649410 2.000591581
67 20 3 100 1737904 2.000593745
73 33 3 100 577742 2.000603391
30 32 3 100 1267122 2.000609413
126 46 3 100 22148 2.000610200
41 1 3 100 68145 2.000614295
15 28 3 100 1975873 2.000616998
23 69 3 100 5403 2.000617342
11 48 3 100 28012 2.000621274
7 53 3 100 69965 2.000621781
22 49 3 100 56799 2.000621900
30 14 3 100 9531499 2.000624375
7 121 3 100 37441 2.000624773
60 85 3 100 5789 2.000635810
103 49 3 100 52865 2.000639449
51 107 3 100 35356 2.000643552
79 47 3 100 84566 2.000643801
113 76 3 100 49524 2.000644495
126 22 3 100 29519 2.000644499
30 100 3 100 410475 2.000650758
73 45 3 100 62610 2.000652161
61 11 3 100 2565163 2.000656774
87 75 3 100 1335670 2.000662243
104 18 3 100 54208 2.000665832
18 121 3 100 1902024 2.000666258
30 92 3 100 3294307 2.000673045
55 115 3 100 39852 2.000674679
49 111 3 100 51435 2.000675109
101 116 3 100 3619343 2.000678259
0 99 3 100 9378770 2.000690840
10 115 3 100 26756 2.000693147
35 30 3 100 700893 2.000694735
65 19 3 100 11709 2.000696768
55 18 3 100 351395 2.000704687
100 83 3 100 1066984 2.000708657
27 6 3 100 46044 2.000710079
18 95 3 100 827990 2.000714144
122 97 3 100 34394 2.000727125
28 101 3 100 135 2.000732564
51 90 3 100 149146 2.000734917
89 61 3 100 22916 2.000743063
50 15 3 100 4603 2.000746391
6 35 3 100 1679903 2.000748250
74 26 3 100 1401237 2.000749794
4 42 3 100 4334531 2.000753163
75 97 3 100 1940026 2.000770732
86 25 3 100 881419 2.000776088
6 90 3 100 1364031 2.000796771
90 1 3 100 15279209 2.000798036
56 0 3 100 20577 2.000800717
28 70 3 100 42009 2.000801737
49 99 3 100 52467 2.000806376
13 89 3 100 1250848 2.000806525
48 6 3 100 45386 2.000809884
124 107 3 100 277910 2.000812401
82 110 3 100 1896159 2.000815177
34 112 3 100 1443260 2.000815594
2 97 3 100 55584 2.000818335
49 38 3 100 4520913 2.000820299
82 79 3 100 59404 2.000821262
104 25 3 100 48667 2.000824122
1 44 3 100 700726 2.000826217
75 120 3 100 105887 2.000827519
67 54 3 100 2427603 2.000844072
58 28 3 100 55061 2.000847490
101 8 3 100 744372 2.000849050
105 32 3 100 60374 2.000857429
94 97 3 100 386205 2.000860988
12 121 3 100 23270 2.000861355
35 21 3 100 76470 2.000865197
23 87 3 100 3964 2.000867687
53 69 3 100 49269 2.000868850
40 101 3 100 866098 2.000877893
62 10 3 100 38659 2.000880559
48 67 3 100 52563 2.000883747
17 15 3 100 3901782 2.000896608
24 103 3 100 9695684 2.000897634
120 50 3 100 19282 2.000898141
46 52 3 100 5072522 2.000900305
58 122 3 100 858199 2.000904221
38 116 3 100 2670873 2.000905084
2 18 3 100 2617 2.000907029
2 37 3 100 45754 2.000907162
88 43 3 100 14992 2.000909349
45 5 3 100 3774 2.000912770
70 4 3 100 3147 2.000917516
90 50 3 100 6845859 2.000918466
55 70 3 100 4708884 2.000923864
90 117 3 100 8167 2.000924347
11 94 3 100 767011 2.000933332
105 121 3 100 18507196 2.000933786
99 87 3 100 73681 2.000935220
20 95 3 100 6874 2.000937882
13 38 3 100 20329 2.000938961
16 119 3 100 20821 2.000939446
81 37 3 100 2405106 2.000939922
119 72 3 100 6843 2.000941937
57 11 3 100 138416 2.000943781
55 96 3 100 21415927 2.000944980
6 126 3 100 590806 2.000945510
108 79 3 100 807060 2.000945649
108 43 3 100 30726 2.000955491
35 93 3 100 3995176 2.000955992
63 0 3 100 792786 2.000961975
67 18 3 100 3307865 2.000965833
9 27 3 100 177329 2.000969965
50 124 3 100 1438669 2.000970540
26 109 3 100 25219 2.000971201
3 74 3 100 15364 2.000971965
27 12 3 100 19971723 2.000988884
105 112 3 100 950816 2.000992003
15 82 3 100 1584448 2.000992300
33 63 3 100 49788 2.000994808
121 98 3 100 31535 2.000996038
40 31 3 100 18263 2.001002743
2 95 3 100 4997108 2.001004120
127 47 3 100 643176 2.001008999
86 9 3 100 809691 2.001009254
94 105 3 100 235849 2.001011089
119 30 3 100 7389 2.001011881
88 53 3 100 4545284 2.001013071
116 6 3 100 1879 2.001016363
82 67 3 100 1856286 2.001018001
40 93 3 100 83863 2.001020401
68 5 3 100 2070149 2.001027070
25 97 3 100 3478106 2.001042204
89 71 3 100 3071570 2.001042758
8 18 3 100 9902 2.001047587
1 125 3 100 106856 2.001049147
72 31 3 100 69958 2.001049812
42 8 3 100 164811 2.001051447
66 97 3 100 15309 2.001053955
40 84 3 100 374919 2.001056452
46 74 3 100 9734390 2.001064350
24 9 3 100 26231 2.001064851
77 62 3 100 7019986 2.001068689
108 78 3 100 1078676 2.001068697
29 75 3 100 5090366 2.001069313
96 69 3 100 80379 2.001078900
113 90 3 100 6070048 2.001085079
75 124 3 100 38542 2.001085110
83 60 3 100 25889 2.001087047
17 100 3 100 6504526 2.001090361
15 124 3 100 8159 2.001092452
111 79 3 100 58645 2.001093743
98 72 3 100 56045 2.001095192
68 17 3 100 4298 2.001096248
65 117 3 100 41504 2.001105941
63 2 3 100 25020 2.001106695
62 127 3 100 139309 2.001106890
59 29 3 100 1707037 2.001107549
5 122 3 100 1235307 2.001108580
103 81 3 100 9424469 2.001113700
7 127 3 100 3538971 2.001114073
68 20 3 100 232489 2.001115482
61 110 3 100 2270934 2.001115564
49 110 3 100 541547 2.001115964
71 13 3 100 13610 2.001120785
33 9 3 100 75792 2.001121894
53 113 3 100 18495 2.001121917
122 106 3 100 256614 2.001121954
51 97 3 100 115066 2.001124420
99 22 3 100 69441 2.001126318
75 44 3 100 1522215 2.001128900
126 87 3 100 25135575 2.001135604
101 13 3 100 2948329 2.001136855
119 14 3 100 63696 2.001149299
10 50 3 100 1034922 2.001151878
108 40 3 100 2447138 2.001153326
14 113 3 100 6985 2.001159832
17 38 3 100 87849 2.001162302
22 118 3 100 27472 2.001166466
96 91 3 100 9651 2.001171742
96 4 3 100 327737 2.001174381
78 8 3 100 1655226 2.001176889
53 99 3 100 39606 2.001178449
120 51 3 100 3110332 2.001181777
53 93 3 100 9255877 2.001184952
5 82 3 100 28637 2.001186446
102 114 3 100 1884322 2.001188446
70 113 3 100 1121114 2.001190055
119 44 3 100 7043784 2.001193832
50 83 3 100 2206918 2.001197444
61 2 3 100 68687 2.001197576
97 37 3 100 38139 2.001198678
116 102 3 100 6879984 2.001203990
35 75 3 100 271437 2.001212378
95 59 3 100 1404132 2.001213415
63 0 3 100 1891544 2.001216954
108 36 3 100 3600 2.001218962
92 26 3 100 2043 2.001219904
127 50 3 100 650805 2.001224407
116 83 3 100 4385991 2.001242866
104 82 3 100 46416 2.001250333
25 84 3 100 66309 2.001252183
33 92 3 100 18377 2.001252859
13 80 3 100 6777 2.001255147
39 19 3 100 17502 2.001258291
87 77 3 100 1792939 2.001258361
11 34 3 100 3965728 2.001259849
65 43 3 100 56097 2.001262134
65 62 3 100 46980 2.001264958
29 64 3 100 3820177 2.001265061
42 57 3 100 2600926 2.001265561
100 90 3 100 18638694 2.001267139
114 54 3 100 5679 2.001273369
24 55 3 100 28305 2.001274059
55 28 3 100 609951 2.001277115
8 99 3 100 5283632 2.001284661
105 40 3 100 32547 2.001284888
34 67 3 100 9270111 2.001285053
62 113 3 100 1171271 2.001287406
93 73 3 100 33633 2.001293874
89 30 3 100 200145 2.001294295
91 21 3 100 8341 2.001296075
112 38 3 100 7117319 2.001309181
53 27 3 100 173107 2.001315780
59 9 3 100 1633394 2.001317630
92 58 3 100 468249 2.001318252
121 62 3 100 6685 2.001329939
43 88 3 100 690772 2.001330747
115 100 3 100 1454 2.001332188
9 52 3 100 8190 2.001333732
65 118 3 100 9041399 2.001335192
19 77 3 100 77702 2.001336231
7 64 3 100 60622 2.001336423
24 96 3 100 6879181 2.001339768
60 118 3 100 60228 2.001344054
95 5 3 100 37462 2.001348194
15 93 3 100 56014 2.001349125
17 126 3 100 67007 2.001357408
72 22 3 100 1648948 2.001359659
120 42 3 100 28467 2.001364086
9 105 3 100 1929 2.001365736
106 115 3 100 49568 2.001372512
11 62 3 100 6197392 2.001385635
80 111 3 100 75218 2.001389387
18 65 3 100 1998 2.001389654
105 38 3 100 170277 2.001390079
23 70 3 100 42587 2.001391914
43 118 3 100 29874 2.001393266
88 48 3 100 678610 2.001393947
52 4 3 100 437789 2.001399939
65 94 3 100 4214443 2.001403074
58 25 3 100 51047 2.001405710
119 59 3 100 28586 2.001406801
118 83 3 100 120770 2.001407159
51 22 3 100 45806 2.001407286
36 76 3 100 21114389 2.001412687
109 16 3 100 2066427 2.001415200
90 120 3 100 40747 2.001420621
88 41 3 100 189875 2.001423684
118 55 3 100 79980 2.001425010
11 72 3 100 60198 2.001425568
35 80 3 100 4665483 2.001435644
81 22 3 100 46943 2.001437509
90 127 3 100 32154 2.001437711
91 78 3 100 34670 2.001442232
8 69 3 100 3700056 2.001448180
114 45 3 100 71213 2.001452173
15 115 3 100 795644 2.001465587
16 90 3 100 430767 2.001466591
88 43 3 100 2329596 2.001474438
120 8 3 100 6928 2.001478712
64 23 3 100 4433948 2.001479963
45 120 3 100 5752766 2.001480385
81 33 3 100 1921338 2.001484233
10 109 3 100 24221 2.001486892
15 18 3 100 39459 2.001496013
21 54 3 100 35232 2.001506197
108 20 3 100 2640 2.001506830
104 92 3 100 200924 2.001509749
80 111 3 100 1048474 2.001514231
99 28 3 100 5969441 2.001515500
77 20 3 100 75699 2.001524286
56 107 3 100 49204 2.001525230
11 73 3 100 4639975 2.001528882
114 26 3 100 1053313 2.001533060
49 101 3 100 3407935 2.001538239
117 43 3 100 51227 2.001538569
95 115 3 100 23011 2.001538928
64 15 3 100 458549 2.001543853
37 67 3 100 8960118 2.001544915
54 121 3 100 8702 2.001546180
75 112 3 100 57501 2.001546737
20 116 3 100 1433 2.001548019
79 41 3 100 2524439 2.001561055
34 76 3 100 3546376 2.001565737
113 19 3 100 28044 2.001568827
37 114 3 100 365 2.001576294
119 63 3 100 3969829 2.001579706
30 73 3 100 6097123 2.001584543
80 79 3 100 25648 2.001587793
116 110 3 100 33577 2.001592769
113 23 3 100 6126 2.001592968
5 117 3 100 29087 2.001594176
96 26 3 100 3297771 2.001594427
1 62 3 100 2550221 2.001598373
82 11 3 100 87706 2.001602495
50 22 3 100 13757 2.001605887
61 16 3 100 59986 2.001607504
61 14 3 100 25175 2.001612347
64 83 3 100 18099626 2.001616521
30 78 3 100 8522320 2.001623891
116 100 3 100 1126285 2.001630315
77 15 3 100 20071 2.001639046
76 85 3 100 481205 2.001640259
103 27 3 100 1211937 2.001642287
80 37 3 100 26377 2.001645584
31 89 3 100 4068422 2.001646619
58 5 3 100 1485462 2.001653306
106 93 3 100 23982 2.001653479
30 69 3 100 74450 2.001657358
33 53 3 100 34103 2.001658065
4 104 3 100 2689655 2.001659225
88 77 3 100 14028 2.001663591
102 16 3 100 22719 2.001664071
88 10 3 100 10864 2.001667647
0 54 3 100 3830435 2.001668464
104 18 3 100 58494 2.001676340
100 54 3 100 22822 2.001678716
65 114 3 100 4956423 2.001679491
104 52 3 100 7064 2.001679772
104 60 3 100 7460784 2.001683620
70 14 3 100 27108063 2.001684832
66 57 3 100 9799 2.001690202
66 87 3 100 15702 2.001696855
42 22 3 100 933852 2.001699668
39 99 3 100 1639742 2.001703510
95 98 3 100 5868 2.001703902
103 80 3 100 16680 2.001707863
99 54 3 100 62258 2.001708147
29 12 3 100 25938341 2.001708609
70 106 3 100 734647 2.001708809
94 118 3 100 5283570 2.001708884
44 96 3 100 53254 2.001713895
64 29 3 100 74748 2.001726082
9 20 3 100 921485 2.001728284
122 53 3 100 4876 2.001728863
50 47 3 100 489815 2.001730018
23 104 3 100 4878640 2.001731676
75 41 3 100 318350 2.001735805
127 99 3 100 24675 2.001736169
73 3 3 100 1708618 2.001739288
124 49 3 100 3855 2.001739453
7 107 3 100 3487 2.001741010
49 22 3 100 879233 2.001744089
2 31 3 100 1279068 2.001745113
69 107 3 100 36218 2.001751702
43 26 3 100 5334 2.001754775
107 32 3 100 9410645 2.001756974
15 124 3 100 13040 2.001760002
9 96 3 100 5250299 2.001763513
81 11 3 100 220300 2.001765616
99 56 3 100 6737335 2.001766817
107 32 3 100 10490 2.001767324
28 32 3 100 5960 2.001772363
59 6 3 100 62048 2.001778920
88 67 3 100 3591779 2.001779063
18 78 3 100 35940 2.001783981
65 62 3 100 932357 2.001789953
69 5 3 100 58238 2.001791538
95 16 3 100 61634 2.001793682
17 121 3 100 18447 2.001797648
17 7 3 100 4420844 2.001802043
109 12 3 100 331129 2.001802239
3 114 3 100 8583 2.001806063
115 92 3 100 73724 2.001807758
52 126 3 100 4070974 2.001808435
37 17 3 100 13254 2.001814576
29 84 3 100 3189577 2.001816332
75 107 3 100 25333804 2.001827624
32 102 3 100 589252 2.001835169
99 67 3 100 573229 2.001840135
71 31 3 100 3220 2.001841396
70 103 3 100 2306255 2.001841400
118 83 3 100 11478 2.001841809
34 6 3 100 971082 2.001849004
39 62 3 100 37515 2.001850950
63 35 3 100 6701 2.001855181
120 22 3 100 444103 2.001862670
116 65 3 100 79010 2.001863415
90 121 3 100 27841 2.001864425
52 21 3 100 469722 2.001871622
125 94 3 100 866511 2.001874160
114 28 3 100 3298730 2.001874885
20 112 3 100 125023 2.001874932
124 97 3 100 855975 2.001882025
39 58 3 100 1007567 2.001891511
46 74 3 100 1976056 2.001898467
83 45 3 100 2952963 2.001898489
81 40 3 100 669 2.001900342
121 58 3 100 54530 2.001902089
43 81 3 100 2508302 2.001909332
58 90 3 100 33534 2.001912670
54 40 3 100 9211 2.001916038
91 44 3 100 4648612 2.001920620
54 112 3 100 1040009 2.001929370
18 105 3 100 855154 2.001935137
53 7 3 100 1305187 2.001940612
47 55 3 100 7219 2.001941356
120 21 3 100 53622 2.001943352
35 66 3 100 15760996 2.001944381
79 91 3 100 6563 2.001944452
81 73 3 100 130033 2.001954098
48 9 3 100 40071 2.001956645
82 106 3 100 9650658 2.001959967
90 58 3 100 32325 2.001960026
90 0 3 100 885721 2.001960499
13 90 3 100 9666 2.001961166
39 73 3 100 15672 2.001961533
29 124 3 100 23172 2.001962931
93 33 3 100 78466 2.001968168
124 52 3 100 1976040 2.001974992
78 104 3 100 34817 2.001975512
106 74 3 100 9447 2.001976088
106 68 3 100 79103 2.001977824
38 124 3 100 21977 2.001978839
1 51 3 100 981574 2.001980496
49 98 3 100 1852870 2.001982227
70 114 3 100 36253 2.001983191
126 0 3 100 9392103 2.001984400
7 48 3 100 1501739 2.001985839
21 10 3 100 264 2.001988913
13 81 3 100 34908 2.001989959
90 107 3 100 23847367 2.001992704
36 119 3 100 63740 2.001992746
66 88 3 100 978823 2.001993894
50 18 3 100 52863 2.001994250
56 65 3 100 2929 2.001995089
79 126 3 100 115179 2.001995451
0 81 3 100 3262 2.001996249
95 30 3 100 66473 2.002002822
103 53 3 100 792216 2.002003920
112 90 3 100 4160250 2.002005799
67 52 3 100 7189 2.002007097
95 78 3 100 1637027 2.002008023
51 87 3 100 1031991 2.002018451
8 57 3 100 116177 2.002020208
110 45 3 100 354555 2.002025606
48 124 3 100 24045 2.002026685
88 97 3 100 15262 2.002034308
27 114 3 100 3769 2.002037146
48 81 3 100 30544 2.002038901
102 77 3 100 727926 2.002049868
94 49 3 100 4845715 2.002051974
94 41 3 100 64893 2.002056184
76 114 3 100 138726 2.002056902
124 63 3 100 1192442 2.002060472
107 38 3 100 5200 2.002060648
11 67 3 100 211547 2.002061964
56 112 3 100 27507 2.002063514
73 126 3 100 29986 2.002063908
102 76 3 100 699990 2.002075637
30 112 3 100 31662 2.002078060
104 122 3 100 39475 2.002095311
32 8 3 100 321249 2.002099338
2 32 3 100 173668 2.002102217
37 52 3 100 125310 2.002102245
109 62 3 100 25862 2.002108399
22 36 3 100 13393722 2.002108657
70 104 3 100 8323798 2.002110863
52 87 3 100 127 2.002114585
120 66 3 100 26604548 2.002120850
70 17 3 100 5486 2.002123564
39 66 3 100 54861 2.002127208
56 94 3 100 24541 2.002134589
9 97 3 100 765406 2.002135030
11 50 3 100 1625039 2.002137534
104 50 3 100 2449287 2.002139098
33 49 3 100 248985 2.002143461
83 3 3 100 44428 2.002146086
36 48 3 100 1358796 2.002148362
25 15 3 100 4998 2.002151399
2 29 3 100 62258 2.002152818
54 71 3 100 7051 2.002152847
77 46 3 100 6192 2.002158800
49 95 3 100 1318996 2.002159593
10 127 3 100 63900 2.002160557
115 68 3 100 4529 2.002163010
110 4 3 100 40653 2.002170577
78 110 3 100 658277 2.002170756
123 26 3 100 12315 2.002176090
53 31 3 100 28486 2.002178831
61 115 3 100 196405 2.002183980
124 47 3 100 4079978 2.002187276
107 67 3 100 71424 2.002187857
100 68 3 100 1852162 2.002189570
3 47 3 100 5117 2.002192515
70 103 3 100 212858 2.002203255
25 1 3 100 13818 2.002203831
1 56 3 100 45334 2.002206263
45 67 3 100 24079 2.002207698
12 37 3 100 402112 2.002209871
108 89 3 100 4644 2.002209872
31 93 3 100 41900 2.002210084
54 107 3 100 4669679 2.002214649
105 83 3 100 2225391 2.002222524
32 17 3 100 279148 2.002223663
56 8 3 100 64097 2.002226864
53 75 3 100 1118038 2.002229587
23 112 3 100 6427328 2.002230460
79 122 3 100 1842615 2.002233865
42 79 3 100 181159 2.002237620
11 47 3 100 1114679 2.002243354
60 12 3 100 49745 2.002245481
86 4 3 100 1495493 2.002248622
106 25 3 100 3860923 2.002248710
94 53 3 100 5388 2.002255377
54 38 3 100 25131 2.002257948
44 72 3 100 4773831 2.002260668
82 16 3 100 7173 2.002265322
122 79 3 100 9341 2.002267217
19 14 3 100 57875 2.002269945
5 55 3 100 6150 2.002274189
51 80 3 100 68527 2.002279502
13 76 3 100 24088660 2.002280665
59 68 3 100 6128841 2.002281373
68 110 3 100 43769 2.002284797
51 112 3 100 279118 2.002284941
84 1 3 100 608285 2.002285024
64 57 3 100 25996 2.002287174
48 74 3 100 2618570 2.002288091
3 95 3 100 16039 2.002305511
79 15 3 100 41018 2.002310973
124 78 3 100 983024 2.002312496
30 42 3 100 1662587 2.002313888
15 58 3 100 4787 2.002318464
7 92 3 100 3174585 2.002320474
123 48 3 100 1074540 2.002320636
34 29 3 100 8256 2.002321367
74 43 3 100 5881683 2.002323985
111 44 3 100 95628 2.002334368
73 95 3 100 3299881 2.002337647
56 110 3 100 796701 2.002342008
27 122 3 100 2347726 2.002343538
57 113 3 100 10974 2.002344256
127 12 3 100 148813 2.002347299
49 64 3 100 1559701 2.002349096
43 59 3 100 63837 2.002349723
47 24 3 100 7764 2.002356766
84 78 3 100 4318027 2.002357432
45 17 3 100 1686387 2.002358029
20 52 3 100 104287 2.002359192
107 57 3 100 803 2.002362412
111 115 3 100 2121003 2.002363845
114 7 3 100 30755 2.002370966
122 34 3 100 45139 2.002371427
92 50 3 100 120908 2.002374004
109 16 3 100 62074 2.002377829
84 24 3 100 1936 2.002379004
57 28 3 100 13025 2.002390299
72 99 3 100 21542 2.002391434
7 59 3 100 42714 2.002396341
94 12 3 100 24966 2.002403564
51 91 3 100 115566 2.002411377
113 33 3 100 146385 2.002428975
77 83 3 100 737324 2.002432236
12 117 3 100 305818 2.002434967
108 20 3 100 6967914 2.002455126
6 125 3 100 1729108 2.002460616
19 14 3 100 4965 2.002462065
60 97 3 100 1665442 2.002469071
59 86 3 100 41391 2.002471722
101 116 3 100 48357 2.002483495
56 125 3 100 91282 2.002488605
16 45 3 100 3375138 2.002490331
57 36 3 100 6756 2.002492719
28 8 3 100 259455 2.002504447
49 73 3 100 28756 2.002504724
26 110 3 100 51026 2.002507089
61 85 3 100 1089052 2.002510053
98 7 3 100 174083 2.002514967
96 35 3 100 70939 2.002516477
33 74 3 100 55215 2.002516564
82 102 3 100 73262 2.002516728
22 73 3 100 8327 2.002517397
4 116 3 100 4170639 2.002523943
24 37 3 100 2336661 2.002527175
70 17 3 100 5277 2.002529860
17 13 3 100 5848 2.002533116
49 41 3 100 29513 2.002537108
121 8 3 100 2834101 2.002548019
117 58 3 100 1784578 2.002548381
105 42 3 100 6787 2.002557304
117 15 3 100 86799 2.002558109
15 125 3 100 29596 2.002559264
22 35 3 100 184354 2.002559718
41 64 3 100 1057806 2.002561815
58 24 3 100 2783902 2.002562515
94 4 3 100 155043 2.002566852
61 31 3 100 35407 2.002568074
37 63 3 100 1493981 2.002569424
56 120 3 100 4456721 2.002572250
106 51 3 100 3227 2.002574218
119 6 3 100 260401 2.002575239
126 65 3 100 22646 2.002580911
81 49 3 100 27945 2.002580977
36 6 3 100 4887 2.002584130
22 109 3 100 8470100 2.002590192
108 84 3 100 23191 2.002592451
29 3 3 100 4913506 2.002593799
19 89 3 100 1107 2.002595780
95 62 3 100 64820 2.002598585
82 31 3 100 15859 2.002599429
25 61 3 100 3375858 2.002610738
71 127 3 100 302961 2.002616978
90 1 3 100 7833 2.002617763
65 29 3 100 158578 2.002620051
19 67 3 100 6032405 2.002629641
58 77 3 100 8002 2.002634036
116 40 3 100 57025 2.002644028
97 54 3 100 104393 2.002651461
116 37 3 100 42151 2.002652650
118 32 3 100 28197 2.002655035
111 83 3 100 28359 2.002655787
44 26 3 100 8474545 2.002656398
1 48 3 100 33280 2.002661780
71 25 3 100 1244497 2.002663555
55 84 3 100 8250 2.002663672
0 70 3 100 4606 2.002664013
76 120 3 100 25614 2.002664917
63 2 3 100 5362596 2.002671391
95 5 3 100 2442837 2.002675342
74 47 3 100 74990 2.002678140
35 87 3 100 2146 2.002681352
96 6 3 100 717684 2.002682024
118 80 3 100 2109690 2.002683235
0 16 3 100 7942938 2.002689436
10 37 3 100 7998 2.002694953
20 43 3 100 51072 2.002695569
111 78 3 100 2460 2.002697624
103 64 3 100 26101 2.002699632
14 97 3 100 7514884 2.002700338
28 84 3 100 6114 2.002706557
112 12 3 100 25033 2.002707843
73 111 3 100 7457334 2.002708133
106 90 3 100 8179975 2.002709162
98 53 3 100 387571 2.002710900
95 35 3 100 67225 2.002712413
126 77 3 100 4759984 2.002712802
66 23 3 100 76067 2.002713340
113 84 3 100 24682 2.002714439
97 70 3 100 43338 2.002715870
65 110 3 100 115554 2.002716825
60 46 3 100 1020051 2.002718201
75 24 3 100 43840 2.002730579
41 6 3 100 34505 2.002733103
40 114 3 100 16965 2.002735866
62 75 3 100 3937 2.002736605
123 46 3 100 28543 2.002736711
93 55 3 100 1119303 2.002739313
13 59 3 100 62079 2.002741053
62 25 3 100 4404373 2.002741379
13 32 3 100 8655894 2.002749272
22 101 3 100 1429909 2.002751245
62 0 3 100 24204 2.002754622
20 80 3 100 51015 2.002754669
24 10 3 100 61877 2.002763397
96 82 3 100 25233 2.002764134
5 76 3 100 330644 2.002764743
20 10 3 100 302571 2.002767998
4 68 3 100 6696 2.002774251
127 106 3 100 1480636 2.002785123
90 16 3 100 44684 2.002785793
70 33 3 100 43950 2.002787321
60 28 3 100 19245 2.002790513
31 67 3 100 7458549 2.002791710
13 82 3 100 3540890 2.002791788
96 38 3 100 35253 2.002804185
20 107 3 100 99740 2.002808594
79 53 3 100 6851731 2.002810280
88 123 3 100 42002 2.002812473
71 115 3 100 8290438 2.002816590
27 56 3 100 381103 2.002816941
22 64 3 100 53810 2.002817606
14 102 3 100 4962997 2.002818213
6 25 3 100 52713 2.002820706
98 53 3 100 1355792 2.002829456
38 11 3 100 1428406 2.002833654
72 113 3 100 1480 2.002835367
104 25 3 100 179559 2.002836760
92 69 3 100 59339 2.002837094
3 69 3 100 131849 2.002839972
122 51 3 100 20722 2.002841310
22 51 3 100 3852258 2.002841458
124 40 3 100 60999 2.002848334
62 114 3 100 51843 2.002848951
53 114 3 100 1407789 2.002852700
9 99 3 100 139575 2.002853798
122 51 3 100 195939 2.002854781
31 105 3 100 1625783 2.002864110
84 5 3 100 146017 2.002865100
116 46 3 100 64578 2.002865345
85 26 3 100 79650 2.002866851
117 67 3 100 14304 2.002868763
1 78 3 100 1203 2.002873151
2 26 3 100 487969 2.002874358
60 36 3 100 48996 2.002877848
81 67 3 100 45515 2.002884419
30 46 3 100 36338 2.002885254
6 75 3 100 78182 2.002885628
10 74 3 100 26490 2.002887121
124 35 3 100 3962 2.002887158
110 25 3 100 243424 2.002887377
57 70 3 100 44107 2.002890864
13 25 3 100 33693 2.002891619
61 75 3 100 15878 2.002892172
109 66 3 100 5960249 2.002893577
122 13 3 100 46292 2.002894717
40 106 3 100 169182 2.002899484
83 24 3 100 25133 2.002900506
123 46 3 100 21893 2.002909290
43 22 3 100 889424 2.002912730
29 58 3 100 1852744 2.002932243
18 107 3 100 64830 2.002935172
24 70 3 100 688951 2.002948161
1 20 3 100 4785753 2.002954735
26 108 3 100 36628 2.002958118
105 88 3 100 1412 2.002959998
32 100 3 100 44247 2.002964631
90 17 3 100 61582 2.002975282
111 124 3 100 871249 2.002978419
124 80 3 100 378853 2.002981455
112 28 3 100 3504541 2.002985200
56 24 3 100 3148 2.002988724
124 7 3 100 532 2.002995079
87 20 3 100 1801169 2.003000448
99 50 3 100 37436 2.003004274
29 105 3 100 43972 2.003010540
47 127 3 100 7120711 2.003015975
99 30 3 100 12400775 2.003021472
35 114 3 100 1564554 2.003023443
36 0 3 100 1396 2.003026454
7 74 3 100 72701 2.003026511
13 92 3 100 1225227 2.003028265
52 94 3 100 28997 2.003029530
115 1 3 100 377669 2.003031359
118 101 3 100 1366325 2.003032058
107 53 3 100 70278 2.003033420
59 98 3 100 9630744 2.003039446
3 74 3 100 133171 2.003040246
61 100 3 100 9680 2.003040709
64 10 3 100 3000831 2.003042945
50 6 3 100 38875 2.003048675
21 5 3 100 69329 2.003053718
73 62 3 100 16437 2.003056751
47 15 3 100 43284 2.003059460
75 45 3 100 62930 2.003067059
33 19 3 100 112197 2.003068383
64 55 3 100 27902 2.003069412
120 53 3 100 36568 2.003073314
41 53 3 100 78919 2.003073454
44 109 3 100 67464 2.003074618
107 45 3 100 197921 2.003077466
61 1 3 100 2650240 2.003078639
58 47 3 100 9027 2.003080188
20 15 3 100 3884346 2.003081186
35 116 3 100 19586765 2.003083539
125 57 3 100 41487 2.003093192
25 91 3 100 5810327 2.003094130
21 96 3 100 778502 2.003094926
21 121 3 100 1759354 2.003100240
89 127 3 100 60178 2.003101941
37 56 3 100 1884413 2.003103780
22 77 3 100 36381 2.003108315
42 3 3 100 28192 2.003112861
31 115 3 100 6130266 2.003116117
36 95 3 100 73729 2.003121877
116 29 3 100 4132 2.003123590
54 67 3 100 170825 2.003129068
82 15 3 100 1044370 2.003130182
58 90 3 100 91278 2.003131727
120 23 3 100 1200367 2.003138964
17 98 3 100 28253 2.003142862
50 11 3 100 48370 2.003144109
84 124 3 100 49146 2.003145657
85 122 3 100 1191048 2.003149269
57 94 3 100 70563 2.003154430
88 59 3 100 149231 2.003155471
124 1 3 100 4978 2.003158135
8 115 3 100 6689528 2.003159605
121 93 3 100 40060 2.003161147
113 110 3 100 307944 2.003169581
41 113 3 100 4414656 2.003171267
14 87 3 100 63497 2.003171657
66 59 3 100 43399 2.003179150
43 94 3 100 1075911 2.003179480
104 59 3 100 48611 2.003180239
93 1 3 100 4157 2.003180445
105 121 3 100 138341 2.003182954
85 3 3 100 15698 2.003187473
31 108 3 100 4692307 2.003187665
98 46 3 100 70892 2.003188783
39 31 3 100 1086269 2.003193486
6 74 3 100 1970617 2.003196384
97 73 3 100 5816867 2.003197288
124 76 3 100 48396 2.003204716
104 65 3 100 8150032 2.003205410
12 93 3 100 3986420 2.003211564
71 57 3 100 1073613 2.003221643
125 53 3 100 18143 2.003222050
35 108 3 100 191667 2.003225136
7 55 3 100 881149 2.003236282
117 61 3 100 44841 2.003237058
48 31 3 100 3726231 2.003238382
78 104 3 100 4835026 2.003252770
95 64 3 100 1007828 2.003255849
63 125 3 100 149919 2.003258268
98 53 3 100 11980 2.003260971
58 116 3 100 2278072 2.003266471
61 41 3 100 4750673 2.003271942
14 27 3 100 7411435 2.003272678
51 72 3 100 42156 2.003273732
97 88 3 100 6549381 2.003275615
125 105 3 100 16579 2.003277147
122 97 3 100 459 2.003294943
48 80 3 100 72508 2.003296129
4 38 3 100 73933 2.003301065
108 1 3 100 9713 2.003302870
86 72 3 100 58219 2.003305614
25 70 3 100 1189351 2.003311442
8 80 3 100 1231920 2.003312733
33 110 3 100 13841768 2.003313039
53 30 3 100 70688 2.003314637
106 8 3 100 26884 2.003318158
126 19 3 100 8177 2.003320514
101 60 3 100 18520799 2.003324778
90 127 3 100 148989 2.003328577
88 32 3 100 29460 2.003328912
106 65 3 100 65599 2.003332884
54 37 3 100 62629 2.003335223
98 34 3 100 71449 2.003337778
110 81 3 100 72791 2.003337946
95 13 3 100 173793 2.003339374
80 41 3 100 18673 2.003341704
85 59 3 100 1832798 2.003344385
79 4 3 100 9074456 2.003346385
48 16 3 100 5208 2.003355378
102 5 3 100 5685699 2.003362534
42 2 3 100 4914995 2.003364779
31 3 3 100 2570 2.003369004
87 75 3 100 471177 2.003380891
11 32 3 100 85347 2.003390842
28 79 3 100 2878791 2.003394161
100 88 3 100 2746006 2.003395803
10 49 3 100 9056 2.003396552
120 11 3 100 1267 2.003398414
66 119 3 100 4453286 2.003399326
99 65 3 100 54039 2.003401975
66 87 3 100 129280 2.003402240
41 51 3 100 18827612 2.003405327
118 19 3 100 5700 2.003412476
38 17 3 100 17558 2.003421420
107 17 3 100 16999604 2.003424782
40 31 3 100 6479 2.003426045
103 116 3 100 24344 2.003429974
52 95 3 100 23669 2.003430570
100 67 3 100 197117 2.003432118
2 63 3 100 70942 2.003438772
71 111 3 100 48326 2.003446970
75 86 3 100 1161273 2.003448838
21 50 3 100 760602 2.003454814
87 59 3 100 23849293 2.003461043
37 117 3 100 7493032 2.003462136
111 116 3 100 523467 2.003468276
107 60 3 100 1431 2.003471573
68 101 3 100 1025684 2.003477056
15 50 3 100 473404 2.003479886
111 61 3 100 1798673 2.003480348
22 43 3 100 4623314 2.003481020
41 98 3 100 36855 2.003483823
54 71 3 100 16573 2.003488930
29 1 3 100 108700 2.003498372
77 13 3 100 20346 2.003505540
93 125 3 100 2356244 2.003512292
16 12 3 100 37349 2.003513344
84 117 3 100 2222150 2.003521603
22 54 3 100 4617695 2.003521911
111 51 3 100 311683 2.003525245
74 100 3 100 2570233 2.003527286
84 22 3 100 71485 2.003532669
107 119 3 100 6010 2.003546770
51 112 3 100 20337 2.003549892
75 58 3 100 79446 2.003552464
106 40 3 100 200604 2.003553326
71 6 3 100 1473 2.003557771
45 3 3 100 26014 2.003559800
5 29 3 100 22564 2.003566310
41 15 3 100 2730953 2.003567093
0 113 3 100 6740 2.003569233
79 106 3 100 3506859 2.003569710
40 122 3 100 9317 2.003571527
62 20 3 100 3424790 2.003578470
17 71 3 100 3982 2.003578568
54 36 3 100 20292 2.003606773
8 48 3 100 35182 2.003612757
67 44 3 100 6730964 2.003617654
98 3 3 100 9708 2.003621739
100 92 3 100 47534 2.003626383
30 52 3 100 11376 2.003631486
49 73 3 100 566785 2.003633833
105 40 3 100 1541 2.003634617
112 62 3 100 581352 2.003636012
112 87 3 100 65063 2.003643215
57 64 3 100 2165057 2.003643277
68 89 3 100 15843022 2.003653423
57 122 3 100 77903 2.003655029
66 26 3 100 11158 2.003658365
29 85 3 100 83977 2.003674016
93 53 3 100 1507505 2.003678998
19 65 3 100 875 2.003684166
17 37 3 100 32550 2.003684336
23 72 3 100 5317247 2.003690888
83 8 3 100 49947 2.003694209
114 18 3 100 63728 2.003696358
66 15 3 100 146876 2.003696708
39 60 3 100 38579 2.003698571
25 100 3 100 4528442 2.003706005
61 15 3 100 52038 2.003706998
19 79 3 100 9647011 2.003717468
20 78 3 100 1922191 2.003724106
40 112 3 100 24847 2.003724342
120 91 3 100 40627 2.003728214
118 53 3 100 10771091 2.003734395
122 109 3 100 7696 2.003736471
71 87 3 100 37602 2.003746227
62 120 3 100 7666 2.003748050
103 58 3 100 2553021 2.003748393
109 80 3 100 4302948 2.003752027
26 126 3 100 25013 2.003754801
46 64 3 100 362767 2.003757045
126 93 3 100 1543623 2.003759245
108 73 3 100 7106983 2.003760582
52 29 3 100 46789 2.003763169
31 51 3 100 23379 2.003765197
108 19 3 100 42704 2.003775945
7 37 3 100 31886 2.003780897
93 18 3 100 7539547 2.003781085
89 55 3 100 69202 2.003793798
118 33 3 100 121471 2.003797278
64 95 3 100 26500 2.003798767
122 65 3 100 2049343 2.003801615
91 65 3 100 2066 2.003804403
47 28 3 100 16980 2.003804909
51 84 3 100 1776057 2.003805226
55 67 3 100 629119 2.003810463
28 84 3 100 4279670 2.003813694
41 63 3 100 8159261 2.003814856
18 42 3 100 938607 2.003815691
61 71 3 100 7077607 2.003818634
36 12 3 100 162131 2.003833990
55 26 3 100 8868027 2.003834213
1 19 3 100 28888 2.003836429
24 121 3 100 4225331 2.003839988
45 19 3 100 73890 2.003843765
24 53 3 100 1148831 2.003846230
57 1 3 100 1514547 2.003847801
118 41 3 100 25636 2.003847876
30 73 3 100 4099448 2.003848832
0 50 3 100 984230 2.003856224
58 77 3 100 2101479 2.003859779
5 65 3 100 1855314 2.003861920
85 75 3 100 57244 2.003862172
46 114 3 100 1515398 2.003865139
73 14 3 100 42794 2.003865210
123 3 3 100 34841 2.003874560
17 71 3 100 2231188 2.003877090
12 113 3 100 3515746 2.003878660
45 88 3 100 70439 2.003879012
32 60 3 100 71452 2.003880259
66 99 3 100 9244 2.003884675
87 67 3 100 8423 2.003886396
38 100 3 100 60835 2.003888089
2 114 3 100 9996 2.003897358
78 113 3 100 2062321 2.003900402
81 68 3 100 1027092 2.003902740
115 75 3 100 4154483 2.003903560
78 23 3 100 26822 2.003905503
24 88 3 100 68503 2.003911079
39 68 3 100 76779 2.003913456
25 109 3 100 2330136 2.003915374
61 39 3 100 52654 2.003926269
49 46 3 100 23436 2.003931637
51 2 3 100 11412 2.003935396
39 116 3 100 8115980 2.003941856
29 87 3 100 1826032 2.003943016
96 64 3 100 11 2.003946352
9 105 3 100 3861690 2.003946995
32 109 3 100 663589 2.003958599
107 79 3 100 30115 2.003963011
82 37 3 100 8778 2.003963408
28 38 3 100 25468068 2.003965672
51 110 3 100 1662111 2.003966952
19 98 3 100 13804930 2.003969167
124 17 3 100 20310 2.003969342
80 118 3 100 23873 2.003969422
57 99 3 100 25016 2.003969714
104 68 3 100 8532539 2.003970115
70 52 3 100 3245 2.003970987
34 75 3 100 1608935 2.003974244
91 48 3 100 22643090 2.003977214
83 69 3 100 457305 2.003977402
69 4 3 100 8040692 2.003979331
19 44 3 100 1958205 2.003986246
77 44 3 100 1481213 2.003991786
46 80 3 100 2429887 2.003995680
26 90 3 100 724945 2.003996544
53 79 3 100 7740069 2.003997793
1 75 3 100 88718 2.003999679
41 15 3 100 7211732 2.004002741
5 102 3 100 12887 2.004002804
35 27 3 100 6915634 2.004005243
66 98 3 100 15730 2.004011074
109 76 3 100 3291841 2.004016855
24 94 3 100 168032 2.004019354
104 119 3 100 7708 2.004020307
42 89 3 100 12751 2.004022513
50 22 3 100 229661 2.004023747
127 53 3 100 14546 2.004024477
120 3 3 100 60304 2.004025381
118 29 3 100 43441 2.004027886
84 104 3 100 2007 2.004032429
127 30 3 100 3068 2.004032758
84 115 3 100 55325 2.004036094
90 70 3 100 471465 2.004038612
58 80 3 100 59419 2.004041631
77 87 3 100 40327 2.004043437
75 39 3 100 42190 2.004044394
39 66 3 100 26326 2.004045579
102 7 3 100 4519400 2.004047947
119 15 3 100 47274 2.004048413
71 4 3 100 50673 2.004051546
50 70 3 100 34786 2.004053902
9 41 3 100 1466351 2.004059915
98 30 3 100 497495 2.004060589
78 56 3 100 31684 2.004063479
99 9 3 100 65703 2.004063747
5 78 3 100 1613570 2.004064981
12 81 3 100 1448840 2.004070975
16 35 3 100 9833336 2.004076752
94 110 3 100 69303 2.004078538
97 91 3 100 22186 2.004082737
125 102 3 100 7413625 2.004088363
97 40 3 100 6183214 2.004090946
116 57 3 100 86780 2.004092980
14 68 3 100 7044 2.004095888
37 5 3 100 3316725 2.004096583
117 71 3 100 2098982 2.004099247
55 117 3 100 2169980 2.004103582
57 99 3 100 21770 2.004103704
45 52 3 100 65878 2.004107501
41 98 3 100 7124 2.004108217
89 26 3 100 4188 2.004108292
111 123 3 100 1608566 2.004109542
84 99 3 100 3787208 2.004109573
33 107 3 100 4207001 2.004109985
107 25 3 100 63664 2.004111857
36 66 3 100 124786 2.004112911
30 86 3 100 1837804 2.004116924
81 48 3 100 3411 2.004117218
119 94 3 100 97097 2.004125146
45 24 3 100 21616 2.004129352
88 60 3 100 44251 2.004131368
17 87 3 100 24513 2.004131803
76 61 3 100 74973 2.004134591
66 105 3 100 35044 2.004145125
95 14 3 100 9970165 2.004146222
58 69 3 100 26416 2.004149416
117 80 3 100 5097492 2.004150488
24 90 3 100 185164 2.004153693
54 74 3 100 8997 2.004156636
45 96 3 100 25906 2.004156967
57 22 3 100 67281 2.004160060
103 18 3 100 25774 2.004164222
22 73 3 100 1253554 2.004174197
72 33 3 100 28053 2.004176558
11 110 3 100 7464587 2.004178043
59 30 3 100 7451541 2.004183262
91 74 3 100 45342 2.004184609
6 29 3 100 957197 2.004184713
38 8 3 100 6891713 2.004186167
3 127 3 100 4369 2.004196404
121 95 3 100 23001 2.004199603
37 98 3 100 4630932 2.004201533
123 110 3 100 34471 2.004202381
122 25 3 100 4015288 2.004203570
2 89 3 100 2129364 2.004205172
21 80 3 100 1160179 2.004223174
85 70 3 100 56698 2.004223476
65 105 3 100 2832249 2.004223522
15 46 3 100 1632880 2.004229287
115 77 3 100 21201 2.004235986
55 110 3 100 291620 2.004240030
50 0 3 100 40061 2.004240664
73 126 3 100 13559 2.004243027
117 77 3 100 25422 2.004245035
94 55 3 100 534 2.004249070
77 109 3 100 7295 2.004253075
56 75 3 100 59540 2.004257376
46 5 3 100 1513023 2.004258365
98 0 3 100 108704 2.004258448
53 6 3 100 14580 2.004259608
119 111 3 100 12205 2.004261942
75 59 3 100 238683 2.004264152
4 104 3 100 36134 2.004264754
108 27 3 100 26024 2.004266840
12 79 3 100 10720 2.004271947
74 55 3 100 23049 2.004272058
61 74 3 100 180319 2.004273408
74 42 3 100 395870 2.004278702
96 122 3 100 76371 2.004278996
91 112 3 100 31075 2.004280865
59 95 3 100 18371 2.004287174
43 70 3 100 1481784 2.004290227
54 4 3 100 7380 2.004292496
95 119 3 100 14618135 2.004293033
122 29 3 100 75295 2.004295016
3 47 3 100 28556 2.004296755
17 71 3 100 8618 2.004306211
25 14 3 100 2465935 2.004315218
125 84 3 100 39843 2.004319627
24 105 3 100 879585 2.004321960
65 58 3 100 7424 2.004323637
32 83 3 100 1104 2.004325289
7 115 3 100 29616 2.004339397
51 6 3 100 9746180 2.004342254
115 60 3 100 8791470 2.004355093
121 107 3 100 7957 2.004358847
121 83 3 100 4414 2.004359023
44 97 3 100 865876 2.004365595
116 0 3 100 39992 2.004369853
0 93 3 100 13636053 2.004370491
15 20 3 100 31884 2.004378436
121 79 3 100 442193 2.004378888
126 4 3 100 5713429 2.004382902
37 73 3 100 21814 2.004384404
63 69 3 100 927416 2.004384443
60 71 3 100 48908 2.004387057
42 30 3 100 74580 2.004387356
111 30 3 100 39827 2.004390364
79 44 3 100 42270 2.004397920
117 34 3 100 61471 2.004403378
117 26 3 100 33669 2.004405025
73 50 3 100 62373 2.004409936
0 85 3 100 17188977 2.004410620
46 111 3 100 6683330 2.004410644
57 83 3 100 2524 2.004411917
76 105 3 100 45929 2.004416437
63 99 3 100 28397 2.004416887
109 30 3 100 2265 2.004421150
73 121 3 100 26398401 2.004422466
59 42 3 100 34146 2.004428254
27 58 3 100 112812 2.004432760
125 85 3 100 4103 2.004433438
68 43 3 100 3845 2.004434017
43 71 3 100 5506413 2.004434273
27 92 3 100 1928887 2.004444194
110 34 3 100 18125 2.004446136
4 124 3 100 76288 2.004452499
40 62 3 100 280009 2.004453280
6 34 3 100 4193 2.004457795
50 111 3 100 941826 2.004467670
10 84 3 100 6209 2.004476780
27 70 3 100 64196 2.004482250
26 50 3 100 77431 2.004483310
21 111 3 100 9332301 2.004489236
1 114 3 100 64698 2.004491650
66 107 3 100 118855 2.004507929
30 64 3 100 5913482 2.004509670
12 23 3 100 9052423 2.004514043
13 53 3 100 58341 2.004518533
84 3 3 100 50567 2.004519565
66 118 3 100 46063 2.004523670
70 25 3 100 78526 2.004526048
97 91 3 100 1809696 2.004527796
90 1 3 100 8826336 2.004546897
87 34 3 100 25187448 2.004550692
74 108 3 100 624732 2.004557479
40 102 3 100 1723 2.004565280
105 53 3 100 8302 2.004576754
53 102 3 100 134187 2.004578538
31 45 3 100 25806 2.004579091
10 67 3 100 9012 2.004580792
83 78 3 100 3570721 2.004587635
49 126 3 100 3495336 2.004587847
113 93 3 100 828073 2.004594107
10 65 3 100 92340 2.004594589
113 68 3 100 163724 2.004598261
39 21 3 100 1396075 2.004605379
90 30 3 100 617933 2.004608416
127 22 3 100 62208 2.004617663
21 48 3 100 26813 2.004621311
77 38 3 100 22686 2.004622246
20 96 3 100 6388256 2.004623495
113 69 3 100 1583483 2.004624565
23 113 3 100 161132 2.004628859
84 13 3 100 20239 2.004630286
125 7 3 100 6640010 2.004635614
109 19 3 100 68877 2.004635755
41 126 3 100 78915 2.004642425
25 15 3 100 64436 2.004642510
67 55 3 100 2590 2.004651038
59 110 3 100 4697 2.004651981
24 110 3 100 27376895 2.004653109
47 104 3 100 850863 2.004654907
51 23 3 100 25422 2.004656375
31 121 3 100 75226 2.004665568
5 95 3 100 843960 2.004667494
0 121 3 100 60794 2.004669335
110 121 3 100 667426 2.004670311
31 50 3 100 1085184 2.004676080
39 102 3 100 53572 2.004677112
54 105 3 100 1651516 2.004678125
68 10 3 100 166337 2.004678363
120 2 3 100 41583 2.004678600
26 70 3 100 34636 2.004678699
20 9 3 100 90052 2.004679793
79 120 3 100 74034 2.004682888
57 9 3 100 44178 2.004683317
49 112 3 100 42974 2.004688269
89 75 3 100 28097 2.004691163
68 48 3 100 12273449 2.004700813
103 85 3 100 43379 2.004701409
54 81 3 100 8411 2.004703921
78 23 3 100 73046 2.004707120
117 71 3 100 20882997 2.004708197
120 50 3 100 1787650 2.004712676
93 96 3 100 984537 2.004714791
107 119 3 100 9859943 2.004716010
124 60 3 100 886651 2.004726153
68 92 3 100 459 2.004733724
34 88 3 100 1818109 2.004733978
44 2 3 100 23848410 2.004744148
54 101 3 100 91989 2.004744695
109 32 3 100 67532 2.004751422
108 94 3 100 18056676 2.004756046
56 15 3 100 3669 2.004758270
99 37 3 100 491172 2.004759627
49 115 3 100 1602236 2.004767324
3 18 3 100 1302435 2.004767652
118 15 3 100 641489 2.004770294
37 116 3 100 30606 2.004771329
125 91 3 100 638416 2.004773718
40 25 3 100 3781238 2.004774184
22 81 3 100 961 2.004775141
2 37 3 100 1677576 2.004793580
32 100 3 100 24129 2.004796078
20 108 3 100 1366218 2.004797017
13 88 3 100 56484 2.004797523
96 124 3 100 68475 2.004797552
103 40 3 100 11132 2.004799387
51 3 3 100 73598 2.004800927
43 111 3 100 321 2.004801171
94 3 3 100 7867808 2.004803001
127 99 3 100 26173 2.004809085
102 68 3 100 48930 2.004810726
102 62 3 100 60368 2.004811840
101 76 3 100 65212 2.004812707
33 72 3 100 1452158 2.004814271
84 16 3 100 69594 2.004817521
72 13 3 100 24058 2.004818014
59 38 3 100 45674 2.004821106
87 43 3 100 25657 2.004822279
46 14 3 100 9716322 2.004837371
73 33 3 100 67680 2.004839038
108 48 3 100 190644 2.004839090
83 72 3 100 170395 2.004848641
9 106 3 100 36331 2.004855308
78 115 3 100 5829961 2.004855308
48 1 3 100 34466 2.004855686
11 48 3 100 1316432 2.004856685
37 22 3 100 64497 2.004864728
127 73 3 100 25131 2.004873327
28 39 3 100 2194418 2.004903684
83 27 3 100 270 2.004904084
8 28 3 100 63791 2.004904928
43 101 3 100 52162 2.004907326
48 2 3 100 29776 2.004916200
81 61 3 100 287219 2.004934054
123 80 3 100 4537344 2.004939234
101 37 3 100 44580 2.004939648
24 96 3 100 1866241 2.004945582
58 78 3 100 9517 2.004946199
69 121 3 100 5678891 2.004946233
101 92 3 100 9478 2.004947168
40 121 3 100 3516020 2.004947247
115 97 3 100 2759 2.004948245
62 121 3 100 69900 2.004949167
46 68 3 100 29755 2.004969687
88 17 3 100 5854767 2.004972075
110 78 3 100 5583 2.004973645
7 118 3 100 26347 2.004978141
91 98 3 100 1885549 2.004979527
85 57 3 100 991505 2.004980699
81 2 3 100 8341 2.004988424
79 36 3 100 596 2.004989599
8 107 3 100 1480 2.004990484
103 86 3 100 168 2.005005038
10 58 3 100 55165 2.005005478
87 66 3 100 138930 2.005014857
47 107 3 100 1501 2.005015739
11 60 3 100 9146768 2.005016876
31 53 3 100 29645 2.005018919
118 46 3 100 33089 2.005021644
105 87 3 100 1728073 2.005022976
38 88 3 100 38357 2.005027980
20 72 3 100 6099292 2.005028042
89 37 3 100 298001 2.005034043
41 50 3 100 472565 2.005034923
29 110 3 100 4528876 2.005038657
31 104 3 100 3029873 2.005050800
88 74 3 100 391299 2.005053620
99 60 3 100 3917512 2.005054361
120 43 3 100 73796 2.005056442
79 5 3 100 42501 2.005057446
69 40 3 100 1411351 2.005057876
14 110 3 100 919122 2.005058429
53 68 3 100 67239 2.005060690
38 114 3 100 18061 2.005063083
55 100 3 100 49034 2.005069051
103 118 3 100 65137 2.005072306
108 90 3 100 481617 2.005075988
51 90 3 100 84863 2.005083220
6 76 3 100 4120553 2.005093832
46 48 3 100 1687965 2.005096757
17 48 3 100 18609 2.005097661
83 21 3 100 69022 2.005105217
91 31 3 100 77115 2.005111554
120 35 3 100 56925 2.005112411
7 37 3 100 53940 2.005115418
44 103 3 100 19419 2.005123821
28 100 3 100 50978 2.005124206
71 20 3 100 5750178 2.005137354
100 15 3 100 36112 2.005153609
44 118 3 100 25707 2.005155885
35 64 3 100 25164 2.005155908
109 63 3 100 59691 2.005159486
74 93 3 100 8729 2.005176049
79 20 3 100 4113 2.005180140
21 11 3 100 509354 2.005182268
18 95 3 100 31578 2.005183163
60 127 3 100 1110 2.005190559
95 8 3 100 16653 2.005203083
109 116 3 100 239 2.005204363
83 10 3 100 4027 2.005207259
51 127 3 100 3159504 2.005219272
90 14 3 100 25133 2.005221250
62 26 3 100 16146 2.005223007
117 28 3 100 3693283 2.005224843
68 63 3 100 52568 2.005237086
41 68 3 100 4066 2.005238063
20 72 3 100 90731 2.005246780
27 96 3 100 1439 2.005252408
52 83 3 100 9267963 2.005254798
118 74 3 100 25191 2.005264100
100 29 3 100 95002 2.005264807
51 115 3 100 61446 2.005265063
62 1 3 100 406761 2.005266982
46 122 3 100 812530 2.005269749
124 73 3 100 399067 2.005270320
74 27 3 100 1394990 2.005276752
58 37 3 100 60605 2.005280692
17 104 3 100 729480 2.005280696
27 75 3 100 37249 2.005281473
25 98 3 100 11649 2.005291834
110 51 3 100 9905245 2.005293037
3 40 3 100 12999 2.005299955
38 30 3 100 123516 2.005300286
65 96 3 100 364134 2.005316557
71 81 3 100 15168 2.005329648
113 50 3 100 409588 2.005330891
65 15 3 100 3606 2.005336328
80 126 3 100 42712 2.005340256
93 103 3 100 1656191 2.005342975
91 10 3 100 559912 2.005347725
15 67 3 100 1116293 2.005350300
48 74 3 100 178651 2.005354920
77 120 3 100 284511 2.005363157
109 90 3 100 258809 2.005368849
102 7 3 100 5920 2.005380235
73 83 3 100 78370 2.005383427
108 64 3 100 26675 2.005394873
57 67 3 100 2112186 2.005395914
9 99 3 100 35321 2.005401608
123 95 3 100 2993042 2.005405039
33 61 3 100 26123 2.005406445
78 42 3 100 5221808 2.005408091
48 29 3 100 28442 2.005410102
38 85 3 100 230273 2.005411206
41 123 3 100 2085591 2.005411227
48 126 3 100 1050315 2.005412047
114 18 3 100 9494166 2.005416939
12 25 3 100 63029 2.005420583
107 62 3 100 5841 2.005422512
6 116 3 100 7171 2.005436393
105 14 3 100 208110 2.005438060
33 66 3 100 72869 2.005439927
119 85 3 100 6546 2.005440107
7 87 3 100 414820 2.005441899
96 57 3 100 4594444 2.005443044
66 11 3 100 77986 2.005449888
7 117 3 100 54900 2.005449929
33 117 3 100 511532 2.005450067
115 44 3 100 56397 2.005452166
114 82 3 100 550214 2.005452767
32 11 3 100 3294605 2.005454856
70 126 3 100 19313 2.005461456
96 68 3 100 25853 2.005463732
19 105 3 100 21262 2.005466258
55 44 3 100 63341 2.005471388
120 66 3 100 510101 2.005472886
69 59 3 100 2197146 2.005475292
55 71 3 100 73427 2.005480172
65 16 3 100 1154819 2.005483873
90 53 3 100 1169 2.005484648
121 88 3 100 51819 2.005487852
72 9 3 100 69462 2.005492200
25 50 3 100 630838 2.005494302
109 64 3 100 4372941 2.005494575
120 83 3 100 20356 2.005501449
9 115 3 100 3658958 2.005509236
89 31 3 100 9554148 2.005509501
4 66 3 100 36533 2.005511857
95 119 3 100 691354 2.005517025
65 82 3 100 3103 2.005519572
87 124 3 100 5268 2.005524047
51 79 3 100 1536302 2.005524461
18 61 3 100 22701 2.005524781
46 93 3 100 4182 2.005529583
112 20 3 100 31776 2.005532759
27 110 3 100 20882882 2.005537400
73 34 3 100 25857 2.005539075
87 3 3 100 2475 2.005539770
114 45 3 100 21451021 2.005547671
40 101 3 100 193594 2.005552407
1 68 3 100 459829 2.005555104
28 114 3 100 1730155 2.005557883
109 73 3 100 5035 2.005570347
51 27 3 100 3456771 2.005577258
68 51 3 100 1222365 2.005582124
100 64 3 100 22025 2.005585619
118 90 3 100 3066333 2.005586537
12 17 3 100 41120 2.005589960
18 48 3 100 21917581 2.005591773
40 113 3 100 561705 2.005596624
7 111 3 100 109178 2.005596919
106 70 3 100 70380 2.005598652
40 3 3 100 77940 2.005599236
9 123 3 100 130130 2.005599323
86 60 3 100 57251 2.005606421
97 94 3 100 7391208 2.005607464
90 111 3 100 1411526 2.005607570
117 11 3 100 34707 2.005608959
52 82 3 100 496276 2.005617497
27 9 3 100 50834 2.005618009
1 17 3 100 54706 2.005618040
124 75 3 100 70376 2.005619538
74 113 3 100 18683 2.005619768
109 80 3 100 3658827 2.005620279
16 49 3 100 197179 2.005624856
37 49 3 100 5559830 2.005625036
53 24 3 100 592874 2.005631307
76 102 3 100 32279 2.005631346
101 20 3 100 27944 2.005632580
123 49 3 100 6504 2.005642939
69 111 3 100 4953 2.005648948
77 19 3 100 44514 2.005664291
20 4 3 100 67395 2.005668479
18 6 3 100 1780842 2.005670160
88 39 3 100 64582 2.005674637
108 31 3 100 9386 2.005676577
65 60 3 100 37893 2.005679920
10 56 3 100 2599 2.005680593
100 33 3 100 5421 2.005682623
49 30 3 100 9760287 2.005683641
53 125 3 100 24065 2.005684679
84 42 3 100 1846633 2.005685656
68 60 3 100 29641836 2.005686709
104 19 3 100 12447012 2.005692028
117 58 3 100 5900104 2.005694513
49 6 3 100 45061 2.005699252
26 10 3 100 11482755 2.005699856
124 17 3 100 641026 2.005703847
121 1 3 100 20075 2.005706776
77 27 3 100 6860112 2.005707302
61 103 3 100 46466 2.005708728
91 117 3 100 817340 2.005719644
5 120 3 100 173742 2.005720877
41 20 3 100 134563 2.005730006
88 27 3 100 149363 2.005738266
60 110 3 100 258221 2.005738664
59 8 3 100 14292 2.005739137
63 14 3 100 5337728 2.005744979
71 52 3 100 4425 2.005746541
85 120 3 100 4901328 2.005748514
38 20 3 100 9942 2.005749459
94 25 3 100 51732 2.005752209
42 13 3 100 23860 2.005756653
48 67 3 100 27723 2.005768200
42 119 3 100 147459 2.005775608
108 10 3 100 59621 2.005776343
81 16 3 100 27421 2.005777288
90 66 3 100 1721803 2.005777961
35 86 3 100 28102 2.005778457
59 123 3 100 29128 2.005780260
109 81 3 100 57991 2.005784035
99 13 3 100 8527 2.005787922
71 49 3 100 9390 2.005789253
61 37 3 100 2383649 2.005790444
113 23 3 100 24873 2.005790517
24 56 3 100 199384 2.005796576
90 71 3 100 9682947 2.005803600
19 63 3 100 9502 2.005813542
4 66 3 100 3764 2.005815473
51 41 3 100 26263 2.005819812
86 14 3 100 109228 2.005824142
124 6 3 100 109964 2.005834036
123 61 3 100 30015 2.005841949
3 17 3 100 1376838 2.005842409
66 21 3 100 63524 2.005842839
68 31 3 100 79333 2.005845171
37 77 3 100 20039 2.005847948
44 27 3 100 5690 2.005854665
124 28 3 100 7707203 2.005856635
65 21 3 100 33346 2.005859778
94 45 3 100 25024 2.005859946
80 13 3 100 5020 2.005860487
7 36 3 100 69652 2.005861986
59 92 3 100 48757 2.005876615
69 110 3 100 3924284 2.005878005
77 36 3 100 2601 2.005880703
21 81 3 100 65533 2.005885064
93 62 3 100 34042 2.005889076
83 74 3 100 9193077 2.005892334
54 70 3 100 28838 2.005899092
87 57 3 100 1147989 2.005902613
87 104 3 100 9981 2.005903385
60 104 3 100 59819 2.005911600
28 12 3 100 29586 2.005912275
35 4 3 100 79439 2.005922541
52 28 3 100 11350 2.005923721
31 45 3 100 6978000 2.005932647
113 100 3 100 6438198 2.005932981
27 86 3 100 4448452 2.005942151
22 8 3 100 82905 2.005942986
43 111 3 100 62515 2.005954320
11 16 3 100 5361393 2.005956400
89 69 3 100 17471 2.005961921
56 72 3 100 1509265 2.005961923
117 92 3 100 27807 2.005968116
123 5 3 100 34734 2.005972370
56 5 3 100 4833588 2.005973438
10 37 3 100 65958 2.005976333
72 100 3 100 78775 2.005976895
123 96 3 100 30073 2.005983064
88 46 3 100 48668 2.005984470
66 127 3 100 1628 2.005986398
50 24 3 100 36896 2.005986754
11 98 3 100 7761642 2.005997156
76 116 3 100 45742 2.006008696
68 103 3 100 3218 2.006014097
126 18 3 100 22066 2.006020780
47 48 3 100 3923494 2.006024232
107 55 3 100 60525 2.006031127
97 63 3 100 1555350 2.006036528
61 36 3 100 3229160 2.006039155
118 57 3 100 910222 2.006046273
22 3 3 100 196150 2.006053243
99 34 3 100 2303976 2.006053505
63 82 3 100 1770681 2.006054302
44 16 3 100 54307 2.006056595
3 94 3 100 163983 2.006057764
27 2 3 100 1841007 2.006065860
57 81 3 100 9678 2.006071438
120 15 3 100 25867 2.006073247
29 106 3 100 962 2.006079808
6 19 3 100 1124595 2.006081977
65 21 3 100 25762 2.006082762
27 76 3 100 44099 2.006084625
99 120 3 100 158756 2.006084844
114 81 3 100 1527520 2.006087262
59 122 3 100 547842 2.006087980
51 101 3 100 6407034 2.006090318
10 120 3 100 13963 2.006091744
35 16 3 100 196325 2.006091798
23 3 3 100 4097816 2.006092426
62 37 3 100 4559648 2.006093674
107 64 3 100 1080681 2.006095770
30 92 3 100 1024050 2.006102831
55 114 3 100 19975 2.006104811
119 33 3 100 64954 2.006105883
118 58 3 100 1394016 2.006107659
96 3 3 100 58998 2.006116195
109 80 3 100 135166 2.006116341
119 90 3 100 40424 2.006122208
32 122 3 100 66300 2.006122647
86 76 3 100 30021 2.006122789
122 38 3 100 1886710 2.006127034
65 123 3 100 22523 2.006128305
45 49 3 100 5848129 2.006136071
88 102 3 100 715630 2.006136202
79 34 3 100 3974 2.006148504
10 83 3 100 3575 2.006162238
96 85 3 100 21019 2.006168995
85 122 3 100 33215 2.006169439
52 27 3 100 71072 2.006180745
41 54 3 100 3613279 2.006182739
40 4 3 100 274726 2.006187820
68 106 3 100 34827 2.006190154
54 116 3 100 8483582 2.006196201
61 89 3 100 13328 2.006198866
120 51 3 100 4259526 2.006199418
61 110 3 100 96034 2.006201499
127 71 3 100 132018 2.006207539
126 94 3 100 22671 2.006207711
63 42 3 100 1535602 2.006209400
79 21 3 100 1722 2.006216441
52 28 3 100 1873191 2.006216698
69 49 3 100 9065854 2.006229668
54 96 3 100 344941 2.006253065
91 111 3 100 48490 2.006254729
105 51 3 100 84093 2.006256605
127 35 3 100 19559 2.006257097
59 33 3 100 1136296 2.006258153
14 31 3 100 350304 2.006261530
116 13 3 100 48408 2.006265997
63 1 3 100 1525096 2.006266778
85 112 3 100 36043 2.006267961
99 66 3 100 14951 2.006284824
54 119 3 100 1831186 2.006287604
115 40 3 100 31563 2.006289163
112 20 3 100 1206247 2.006291407
51 7 3 100 1916112 2.006293650
26 71 3 100 800 2.006297464
57 105 3 100 1256950 2.006305079
5 106 3 100 7867 2.006316143
108 62 3 100 65859 2.006316844
38 59 3 100 276132 2.006331731
23 0 3 100 4834794 2.006332906
10 29 3 100 21715 2.006340411
3 93 3 100 207822 2.006343706
72 106 3 100 9893120 2.006344243
110 51 3 100 33237 2.006346374
29 54 3 100 52543 2.006348216
9 106 3 100 7346 2.006353760
102 60 3 100 12361 2.006362293
90 117 3 100 156850 2.006363902
92 127 3 100 1089009 2.006374686
22 118 3 100 1089027 2.006376606
91 71 3 100 42582 2.006376850
51 120 3 100 773308 2.006377078
45 120 3 100 1651858 2.006378038
100 46 3 100 75081 2.006378656
5 121 3 100 9940 2.006382747
8 94 3 100 2900759 2.006385606
18 94 3 100 9792017 2.006386649
118 46 3 100 50747 2.006387236
60 83 3 100 24259 2.006390012
115 111 3 100 11706088 2.006392662
73 45 3 100 22478934 2.006397092
123 95 3 100 1732999 2.006398333
100 58 3 100 9087739 2.006401352
44 57 3 100 3073834 2.006409006
3 71 3 100 28903 2.006409928
100 122 3 100 688269 2.006423205
2 44 3 100 53564 2.006424338
109 79 3 100 48644 2.006424413
51 11 3 100 28695 2.006430938
119 91 3 100 3953135 2.006435090
0 72 3 100 1662030 2.006437419
118 84 3 100 7827 2.006446035
9 84 3 100 13234 2.006446128
38 1 3 100 950248 2.006447581
11 58 3 100 78059 2.006448993
126 80 3 100 39094 2.006456561
58 29 3 100 56904 2.006457503
68 43 3 100 4273651 2.006457990
122 67 3 100 4548268 2.006463356
80 6 3 100 44883 2.006463554
126 72 3 100 361262 2.006469581
42 12 3 100 3230092 2.006470128
18 94 3 100 21128 2.006475121
88 117 3 100 69512 2.006475642
98 65 3 100 12040 2.006480903
26 82 3 100 7378 2.006485295
4 17 3 100 2761 2.006486080
0 43 3 100 16503710 2.006487898
75 84 3 100 24130 2.006489816
48 45 3 100 608933 2.006494853
99 64 3 100 61107 2.006495135
96 32 3 100 15519 2.006495562
92 6 3 100 78142 2.006499364
54 88 3 100 36552 2.006501177
14 20 3 100 18397 2.006506701
12 63 3 100 959 2.006516212
96 45 3 100 1787318 2.006518275
75 41 3 100 149406 2.006526077
58 87 3 100 65110 2.006528090
103 40 3 100 38130 2.006528916
55 32 3 100 3792211 2.006530525
72 114 3 100 24088 2.006537016
99 69 3 100 7495534 2.006537733
7 114 3 100 2394520 2.006538360
58 114 3 100 69374 2.006541660
67 127 3 100 6086578 2.006541960
100 1 3 100 195911 2.006544620
93 122 3 100 488862 2.006545567
111 78 3 100 46093 2.006545802
58 93 3 100 25656 2.006551172
34 105 3 100 194406 2.006554092
55 78 3 100 10379 2.006554855
108 82 3 100 6077029 2.006559373
72 87 3 100 38418 2.006562442
42 109 3 100 5639 2.006565827
51 20 3 100 2367712 2.006569792
87 38 3 100 2407422 2.006570478
3 104 3 100 69513 2.006573038
71 98 3 100 73374 2.006574513
109 56 3 100 7973102 2.006576343
42 1 3 100 664042 2.006576617
90 77 3 100 8093 2.006578300
46 82 3 100 264 2.006580244
118 55 3 100 70219 2.006587480
82 65 3 100 5969 2.006588422
98 70 3 100 232213 2.006593784
106 89 3 100 27906 2.006594301
50 90 3 100 45825 2.006606474
114 44 3 100 26215 2.006610239
16 37 3 100 4564 2.006611281
36 108 3 100 16184 2.006615369
92 99 3 100 59146 2.006625853
103 125 3 100 1112253 2.006627281
104 122 3 100 29561 2.006627984
36 126 3 100 27178 2.006628750
49 122 3 100 6057368 2.006633857
118 105 3 100 5867870 2.006634369
109 69 3 100 41146 2.006638034
62 66 3 100 19645 2.006651029
62 103 3 100 28724 2.006652800
91 113 3 100 989808 2.006659455
7 79 3 100 9270300 2.006661415
120 99 3 100 389631 2.006662030
114 5 3 100 1321880 2.006663433
1 67 3 100 394576 2.006665317
80 28 3 100 9350620 2.006666818
55 76 3 100 7453 2.006667095
0 34 3 100 45587 2.006671437
15 35 3 100 26717 2.006672054
112 66 3 100 9868 2.006672450
41 82 3 100 72549 2.006677203
11 20 3 100 131504 2.006679180
71 53 3 100 1255332 2.006684566
18 112 3 100 193086 2.006686125
85 54 3 100 23822 2.006688538
82 105 3 100 3645 2.006688957
28 80 3 100 21278 2.006689758
121 81 3 100 37932 2.006690552
3 113 3 100 23122 2.006693706
17 104 3 100 7847416 2.006698204
57 112 3 100 144457 2.006699596
116 77 3 100 1062937 2.006704717
13 78 3 100 382010 2.006710484
4 85 3 100 158863 2.006711510
55 11 3 100 58344 2.006713615
76 61 3 100 17319 2.006713625
89 4 3 100 41803 2.006713882
123 111 3 100 17067 2.006723291
87 127 3 100 22924 2.006728723
30 104 3 100 27362 2.006735755
27 125 3 100 106250 2.006741312
126 39 3 100 707036 2.006748934
90 39 3 100 51501 2.006749629
53 76 3 100 31163 2.006750061
23 98 3 100 42299 2.006756894
72 17 3 100 17699 2.006758019
88 10 3 100 2361510 2.006760743
31 94 3 100 344033 2.006761331
124 108 3 100 7752907 2.006762123
75 22 3 100 913000 2.006763557
103 10 3 100 54262 2.006768593
78 20 3 100 502755 2.006768677
55 41 3 100 76878 2.006771397
31 13 3 100 22699403 2.006777199
103 88 3 100 1335131 2.006777432
59 79 3 100 62448 2.006777932
42 21 3 100 79212 2.006785720
64 116 3 100 36809 2.006792144
100 44 3 100 34633 2.006792864
80 97 3 100 176311 2.006793697
44 102 3 100 23260 2.006796030
19 51 3 100 28568835 2.006798072
65 84 3 100 2589274 2.006800889
2 34 3 100 17407 2.006801721
70 90 3 100 176076 2.006802360
88 50 3 100 1311127 2.006804914
50 9 3 100 137471 2.006805957
67 125 3 100 22103 2.006806484
40 126 3 100 8019153 2.006817621
20 68 3 100 76550 2.006818822
122 0 3 100 1386034 2.006818951
97 2 3 100 10005 2.006825305
125 31 3 100 26877761 2.006826751
36 101 3 100 772 2.006829375
79 59 3 100 1269146 2.006831022
41 19 3 100 41267 2.006835445
119 33 3 100 147451 2.006840638
45 20 3 100 1486847 2.006842262
95 121 3 100 222955 2.006845244
40 113 3 100 13351 2.006848623
90 74 3 100 225316 2.006850315
64 86 3 100 1399160 2.006853017
97 63 3 100 2402447 2.006854004
62 107 3 100 29105 2.006856734
103 22 3 100 191787 2.006860841
54 71 3 100 24550 2.006862463
41 4 3 100 175911 2.006862962
67 45 3 100 1769670 2.006864513
51 77 3 100 71663 2.006869999
6 115 3 100 76474 2.006870421
11 60 3 100 24604 2.006883844
67 94 3 100 12788 2.006884269
34 90 3 100 46421 2.006888291
0 74 3 100 33325 2.006890429
2 107 3 100 4379 2.006894906
103 113 3 100 65044 2.006900025
54 116 3 100 1814865 2.006907469
17 58 3 100 21320 2.006909873
43 29 3 100 45609 2.006918145
41 58 3 100 35704 2.006922443
64 126 3 100 3160575 2.006922734
32 64 3 100 233941 2.006926228
4 52 3 100 8916113 2.006931468
100 55 3 100 180799 2.006942573
4 102 3 100 659194 2.006944407
50 104 3 100 4356653 2.006945456
19 55 3 100 6279632 2.006946015
13 116 3 100 69128 2.006952764
89 52 3 100 1647413 2.006955193
33 63 3 100 809128 2.006958774
108 118 3 100 1289194 2.006964300
70 9 3 100 100 2.006964779
78 47 3 100 20150 2.006965453
33 67 3 100 24464575 2.006971962
3 54 3 100 5289 2.006972542
85 39 3 100 12203 2.006973394
25 6 3 100 4831740 2.006975724
124 69 3 100 9580 2.006980505
106 5 3 100 687372 2.006990788
35 76 3 100 78631 2.007000175
106 1 3 100 26199 2.007002012
24 58 3 100 30107 2.007004141
58 108 3 100 10209 2.007008623
103 118 3 100 1267581 2.007011204
2 113 3 100 2376120 2.007017031
32 4 3 100 65716 2.007018675
54 35 3 100 1243292 2.007019298
36 2 3 100 3839 2.007020943
112 13 3 100 8246 2.007024721
101 123 3 100 59291 2.007025039
107 90 3 100 16631 2.007031543
88 4 3 100 2373752 2.007033562
111 122 3 100 119339 2.007034874
23 59 3 100 146604 2.007037172
109 25 3 100 7553673 2.007038977
95 44 3 100 4001378 2.007040331
53 71 3 100 945297 2.007045978
36 79 3 100 58593 2.007047360
23 118 3 100 6208 2.007047993
122 61 3 100 5966620 2.007051033
0 99 3 100 173645 2.007054952
109 88 3 100 507423 2.007059882
56 46 3 100 69192 2.007060967
122 108 3 100 6617865 2.007063109
10 18 3 100 41233 2.007064165
56 64 3 100 44968 2.007066084
115 6 3 100 19704 2.007068605
25 45 3 100 289548 2.007071886
36 25 3 100 126804 2.007074210
68 80 3 100 8086 2.007074380
5 124 3 100 8957 2.007077732
89 57 3 100 17602 2.007079634
117 74 3 100 6384 2.007080814
34 80 3 100 6169629 2.007086267
22 99 3 100 2559704 2.007086735
29 54 3 100 75136 2.007086758
118 59 3 100 2095 2.007090411
17 77 3 100 23132 2.007096201
106 66 3 100 7616 2.007096407
83 39 3 100 7511 2.007105704
16 65 3 100 26548 2.007107783
120 102 3 100 136419 2.007110635
123 110 3 100 68249 2.007111293
118 52 3 100 12159 2.007112362
116 78 3 100 43397 2.007116968
62 77 3 100 2731593 2.007118931
4 75 3 100 30097 2.007119412
6 44 3 100 24742 2.007120524
8 115 3 100 2849522 2.007131945
6 30 3 100 49160 2.007133822
53 26 3 100 27879 2.007140354
7 70 3 100 24413 2.007140575
66 91 3 100 116760 2.007140598
91 33 3 100 4733 2.007151523
125 21 3 100 583 2.007156751
55 30 3 100 60073 2.007157515
110 48 3 100 23935 2.007158470
50 77 3 100 26096 2.007167141
93 16 3 100 920394 2.007168717
23 125 3 100 774198 2.007174533
87 112 3 100 4662 2.007177435
113 101 3 100 9878 2.007181868
108 36 3 100 149354 2.007182915
77 123 3 100 74627 2.007184095
69 44 3 100 26434 2.007188426
95 22 3 100 37245 2.007190169
7 123 3 100 21754 2.007193102
35 21 3 100 1562634 2.007193488
18 38 3 100 5387057 2.007200835
48 14 3 100 400491 2.007201602
59 86 3 100 438266 2.007202585
73 38 3 100 1356770 2.007208592
50 107 3 100 169525 2.007212116
86 127 3 100 352610 2.007213138
119 104 3 100 69619 2.007214717
49 72 3 100 22632 2.007214898
40 68 3 100 9282 2.007217099
48 9 3 100 6222026 2.007220485
48 23 3 100 50076 2.007221015
88 75 3 100 47038 2.007222918
32 52 3 100 47950 2.007223489
20 74 3 100 5385 2.007226743
35 91 3 100 16824 2.007227555
27 71 3 100 454 2.007235425
115 80 3 100 26208 2.007235967
105 86 3 100 2595 2.007243612
47 99 3 100 79969 2.007245278
118 56 3 100 44087 2.007257914
123 47 3 100 50654 2.007258682
3 47 3 100 8751359 2.007260898
94 110 3 100 11057 2.007264708
22 1 3 100 51191 2.007267554
112 80 3 100 193133 2.007268521
37 118 3 100 109565 2.007269163
44 27 3 100 644385 2.007275699
115 66 3 100 13233674 2.007280306
69 26 3 100 21058 2.007283133
48 88 3 100 183082 2.007283211
126 103 3 100 32555 2.007285219
109 6 3 100 201690 2.007286450
58 45 3 100 32193 2.007287812
113 31 3 100 4242 2.007288236
78 124 3 100 10167 2.007294134
94 61 3 100 30406 2.007294986
75 60 3 100 34817 2.007297107
4 106 3 100 1405839 2.007298056
114 91 3 100 73941 2.007299600
78 9 3 100 46872 2.007308661
116 54 3 100 21897 2.007312400
110 78 3 100 9138 2.007321093
5 31 3 100 24430 2.007323048
37 77 3 100 6506 2.007323900
52 114 3 100 142607 2.007323900
33 117 3 100 396424 2.007328580
62 47 3 100 5335 2.007330642
110 48 3 100 3816 2.007330674
106 23 3 100 4226 2.007331905
36 96 3 100 44745 2.007332201
73 15 3 100 6904025 2.007335958
87 72 3 100 187952 2.007336672
118 96 3 100 61784 2.007336770
88 70 3 100 3609102 2.007337867
42 115 3 100 16220 2.007338633
91 104 3 100 65957 2.007339771
58 86 3 100 505611 2.007354731
127 105 3 100 4426 2.007355443
111 76 3 100 61356 2.007359905
107 4 3 100 8079707 2.007361855
117 37 3 100 900160 2.007362407
42 73 3 100 1720050 2.007364769
51 99 3 100 14383294 2.007369966
69 63 3 100 59181 2.007371594
81 69 3 100 40856 2.007383198
119 41 3 100 29028 2.007384723
47 2 3 100 9288 2.007415416
39 73 3 100 50917 2.007415418
71 109 3 100 32345 2.007417739
14 103 3 100 2853 2.007420680
94 71 3 100 40787 2.007422549
115 32 3 100 2900 2.007434589
96 54 3 100 6305 2.007434810
53 98 3 100 149687 2.007437148
110 44 3 100 18169901 2.007451382
14 37 3 100 48989 2.007451389
45 90 3 100 77451 2.007452285
53 101 3 100 452525 2.007457427
63 95 3 100 73708 2.007459446
57 123 3 100 3461 2.007472105
70 15 3 100 7787158 2.007472365
22 96 3 100 4413960 2.007476104
10 41 3 100 21162 2.007483072
97 116 3 100 4100816 2.007486380
17 127 3 100 704969 2.007491749
58 22 3 100 1623843 2.007492997
4 44 3 100 178808 2.007500572
83 20 3 100 14579 2.007514161
120 74 3 100 9148 2.007514502
14 104 3 100 4836 2.007529572
103 46 3 100 4460248 2.007532662
123 49 3 100 6828026 2.007532723
61 91 3 100 152793 2.007534492
93 3 3 100 24821 2.007536203
3 65 3 100 69330 2.007542600
124 8 3 100 1801644 2.007547296
46 1 3 100 46412 2.007547630
17 33 3 100 1149484 2.007550004
102 127 3 100 4675754 2.007550896
81 2 3 100 22372 2.007553209
126 56 3 100 925133 2.007557707
44 90 3 100 3503 2.007560211
104 1 3 100 4048231 2.007563928
24 53 3 100 1702596 2.007565868
127 79 3 100 1319 2.007568130
109 53 3 100 870 2.007573629
17 4 3 100 3552859 2.007575109
53 88 3 100 52471 2.007591184
123 86 3 100 46019 2.007594968
11 77 3 100 17309 2.007596534
93 51 3 100 1863133 2.007599735
26 2 3 100 164872 2.007601280
41 76 3 100 79174 2.007605096
91 54 3 100 1749664 2.007607309
18 59 3 100 3267 2.007608663
39 68 3 100 4401176 2.007611602
125 51 3 100 2636987 2.007620988
67 91 3 100 21401 2.007621931
72 33 3 100 7069 2.007623093
117 16 3 100 48617 2.007625854
53 72 3 100 650751 2.007628973
71 12 3 100 8635 2.007635968
1 124 3 100 279704 2.007640950
53 82 3 100 55702 2.007641093
94 108 3 100 54397 2.007644678
36 51 3 100 10320883 2.007648125
63 114 3 100 9971 2.007649438
56 126 3 100 1152189 2.007664165
29 124 3 100 1054689 2.007671606
61 114 3 100 34900 2.007672637
72 62 3 100 21362 2.007673028
15 18 3 100 4607752 2.007676233
41 87 3 100 28084858 2.007677527
62 97 3 100 6501797 2.007679655
34 79 3 100 6412469 2.007682182
92 121 3 100 6588 2.007684099
85 77 3 100 8094 2.007684796
58 30 3 100 2869399 2.007685079
29 1 3 100 802196 2.007686344
45 110 3 100 5362565 2.007693044
40 22 3 100 4398 2.007693899
121 66 3 100 33270 2.007713042
95 105 3 100 37947 2.007716994
69 97 3 100 71484 2.007717397
10 124 3 100 53486 2.007721904
27 62 3 100 759646 2.007723355
92 65 3 100 72732 2.007725643
91 15 3 100 32862 2.007726580
52 1 3 100 44693 2.007730996
95 17 3 100 48181 2.007731618
44 95 3 100 78427 2.007734382
25 43 3 100 10334966 2.007734405
83 49 3 100 26627 2.007741762
106 81 3 100 824039 2.007743194
73 11 3 100 22137 2.007745025
42 60 3 100 35716 2.007745974
91 71 3 100 16157 2.007746041
34 13 3 100 4899361 2.007752803
71 25 3 100 359 2.007754216
71 6 3 100 676059 2.007757300
121 43 3 100 653890 2.007757395
91 62 3 100 75812 2.007763494
65 53 3 100 3293811 2.007766697
80 127 3 100 7904672 2.007767240
34 51 3 100 1129864 2.007776183
12 43 3 100 15938 2.007780855
40 109 3 100 19206 2.007783184
60 107 3 100 3883 2.007784575
97 52 3 100 37236 2.007784792
10 26 3 100 4147927 2.007787690
62 34 3 100 573883 2.007800176
54 39 3 100 44003 2.007807726
80 30 3 100 48690 2.007812667
16 99 3 100 1320819 2.007812669
37 85 3 100 26587 2.007818347
109 119 3 100 109090 2.007819042
126 108 3 100 4880161 2.007825150
49 9 3 100 1754 2.007825513
6 127 3 100 14240 2.007825542
113 62 3 100 20238 2.007827136
25 72 3 100 55372 2.007832341
37 94 3 100 45479 2.007833682
112 30 3 100 1623098 2.007850112
71 7 3 100 766081 2.007850557
5 16 3 100 4965054 2.007855838
99 23 3 100 154235 2.007858222
34 54 3 100 32878 2.007858836
116 105 3 100 3862 2.007860413
41 50 3 100 61139 2.007862360
71 27 3 100 24242 2.007869391
32 113 3 100 51638 2.007873772
117 76 3 100 8113111 2.007874235
91 50 3 100 4137468 2.007880182
87 62 3 100 67736 2.007880602
20 43 3 100 2872161 2.007881708
112 40 3 100 40685 2.007889331
40 61 3 100 8758364 2.007890993
8 116 3 100 6266606 2.007894699
11 72 3 100 45654 2.007902522
110 123 3 100 1159 2.007913341
58 30 3 100 1846396 2.007916553
20 33 3 100 6040286 2.007916642
121 78 3 100 802769 2.007923118
2 29 3 100 4220322 2.007924320
86 35 3 100 22246 2.007924593
51 40 3 100 51606 2.007929894
82 25 3 100 11062 2.007930418
94 75 3 100 1669 2.007931664
80 45 3 100 25582 2.007932185
106 9 3 100 1775361 2.007933051
16 6 3 100 29748 2.007939848
97 69 3 100 23730 2.007940038
67 56 3 100 1182421 2.007945153
12 25 3 100 22018561 2.007946795
39 4 3 100 68140 2.007949582
25 117 3 100 442074 2.007949821
10 16 3 100 19243 2.007954404
111 44 3 100 62530 2.007958766
93 3 3 100 62962 2.007959392
13 22 3 100 44696 2.007963334
77 24 3 100 1181499 2.007970339
48 119 3 100 49057 2.007984810
32 25 3 100 3932139 2.007985156
68 43 3 100 920678 2.007987035
125 8 3 100 41416 2.007987140
42 58 3 100 74153 2.007990473
31 101 3 100 1428628 2.007994455
28 49 3 100 23954 2.007995621
70 124 3 100 34392 2.008004486
95 4 3 100 4960 2.008008695
126 8 3 100 9272 2.008013590
17 54 3 100 26650 2.008019323
71 100 3 100 1745 2.008021248
49 19 3 100 45053 2.008025565
18 106 3 100 56656 2.008025888
6 114 3 100 2882087 2.008030436
6 92 3 100 2666366 2.008030612
15 71 3 100 3743 2.008035476
58 36 3 100 62818 2.008035617
125 54 3 100 155824 2.008037835
110 79 3 100 5738 2.008053792
125 83 3 100 7778748 2.008058048
99 26 3 100 3107313 2.008062757
123 32 3 100 45648 2.008074558
112 65 3 100 36805 2.008078104
19 15 3 100 1126919 2.008089425
5 60 3 100 31539 2.008089670
89 66 3 100 1802762 2.008090516
96 2 3 100 1593920 2.008094048
80 2 3 100 29382 2.008094593
36 30 3 100 54468 2.008101882
12 45 3 100 567169 2.008106091
100 62 3 100 60965 2.008107802
15 91 3 100 22141 2.008115798
73 41 3 100 468643 2.008115867
74 22 3 100 50540 2.008120266
33 107 3 100 57659 2.008121497
21 121 3 100 8127 2.008127086
97 57 3 100 514595 2.008129420
111 125 3 100 5251821 2.008129492
20 79 3 100 480797 2.008129591
125 81 3 100 6640733 2.008131943
12 26 3 100 4953733 2.008145566
125 32 3 100 197447 2.008147106
21 10 3 100 33741 2.008148489
127 70 3 100 58112 2.008151540
88 3 3 100 7248114 2.008156358
66 16 3 100 3625 2.008163158
89 78 3 100 315348 2.008163838
82 26 3 100 25706 2.008164465
69 88 3 100 46476 2.008166812
42 111 3 100 23798 2.008169924
23 39 3 100 4111 2.008172299
101 76 3 100 69403 2.008173822
1 34 3 100 21031 2.008174243
78 108 3 100 1368020 2.008175661
112 20 3 100 12351 2.008176293
99 72 3 100 23111 2.008178934
118 48 3 100 4470170 2.008185763
53 28 3 100 2993 2.008188214
31 60 3 100 20248 2.008193802
105 117 3 100 69045 2.008195896
108 17 3 100 36750 2.008199373
56 12 3 100 26689 2.008203632
20 98 3 100 6232 2.008220769
92 19 3 100 14542 2.008224553
34 8 3 100 20549 2.008235007
125 20 3 100 7753531 2.008237374
50 75 3 100 57409 2.008237721
124 27 3 100 1394390 2.008240352
22 66 3 100 2923 2.008240719
112 64 3 100 25837 2.008246737
50 89 3 100 67130 2.008246956
104 76 3 100 42658 2.008249947
115 60 3 100 1930083 2.008259077
42 55 3 100 28797270 2.008261373
110 86 3 100 7108 2.008266124
92 68 3 100 5867793 2.008267807
69 120 3 100 56788 2.008268270
48 46 3 100 4831478 2.008269480
75 22 3 100 24774 2.008270625
69 90 3 100 76606 2.008270666
70 50 3 100 7110860 2.008273035
69 110 3 100 1444203 2.008275787
115 95 3 100 47271 2.008283656
5 25 3 100 72595 2.008285187
110 16 3 100 71514 2.008289226
127 84 3 100 31823 2.008295227
23 110 3 100 58316 2.008299309
79 112 3 100 53813 2.008301652
27 111 3 100 25998 2.008308818
112 46 3 100 4082 2.008309415
34 119 3 100 29457 2.008318744
96 81 3 100 11385 2.008323493
18 48 3 100 1292 2.008325930
16 85 3 100 10225 2.008331065
14 97 3 100 45610 2.008331590
118 47 3 100 6267304 2.008332761
34 67 3 100 44768 2.008337907
82 65 3 100 340673 2.008338113
79 90 3 100 60813 2.008339638
96 49 3 100 8665792 2.008341644
43 97 3 100 197456 2.008341648
22 80 3 100 8801750 2.008358711
13 127 3 100 139339 2.008361182
54 108 3 100 47850 2.008362576
64 81 3 100 126413 2.008372663
94 4 3 100 188301 2.008373500
15 39 3 100 28038 2.008377338
108 13 3 100 70192 2.008378117
120 110 3 100 4948217 2.008380836
32 115 3 100 49497 2.008381916
42 22 3 100 24919 2.008383905
75 111 3 100 1903610 2.008391749
50 32 3 100 1318708 2.008393566
89 25 3 100 3825137 2.008394104
72 100 3 100 6176 2.008399276
51 81 3 100 5644 2.008401364
37 3 3 100 22332 2.008415850
40 77 3 100 7428 2.008421263
5 26 3 100 8796 2.008423113
120 55 3 100 47451 2.008425201
127 85 3 100 4349444 2.008427220
34 124 3 100 27671 2.008429998
79 84 3 100 9763 2.008430421
78 16 3 100 9133 2.008431433
123 94 3 100 21709 2.008432958
47 13 3 100 3676079 2.008437849
62 36 3 100 3093350 2.008437851
105 116 3 100 78983 2.008441714
13 38 3 100 648748 2.008442752
123 61 3 100 370 2.008443592
24 114 3 100 2482490 2.008449255
82 123 3 100 22269 2.008449369
66 89 3 100 4594663 2.008451042
109 73 3 100 21111 2.008458988
42 101 3 100 1259065 2.008464887
95 16 3 100 1275334 2.008466410
76 57 3 100 105659 2.008467045
68 62 3 100 1088 2.008470916
7 56 3 100 8535 2.008480005
87 96 3 100 85365 2.008493588
111 126 3 100 29817 2.008493803
22 88 3 100 27678 2.008498239
72 86 3 100 8285 2.008502429
101 112 3 100 7269964 2.008512604
109 19 3 100 4059 2.008514651
107 19 3 100 565847 2.008516856
66 1 3 100 24315 2.008522067
30 35 3 100 76602 2.008522147
85 107 3 100 75854 2.008525671
34 110 3 100 2031500 2.008528257
107 48 3 100 202264 2.008529749
123 5 3 100 4312 2.008533843
65 84 3 100 127616 2.008534678
68 121 3 100 20216810 2.008538964
81 69 3 100 182029 2.008539575
35 25 3 100 1617403 2.008540876
121 28 3 100 162292 2.008542638
122 81 3 100 21203 2.008547878
91 72 3 100 27534 2.008553978
123 40 3 100 37482 2.008561160
42 15 3 100 30215 2.008567435
36 105 3 100 125156 2.008569873
94 122 3 100 6901 2.008570491
68 90 3 100 392603 2.008574027
30 50 3 100 1214098 2.008589407
90 9 3 100 27409 2.008592303
54 76 3 100 4935 2.008594671
31 4 3 100 652843 2.008599718
95 34 3 100 4723088 2.008601053
58 31 3 100 25423 2.008614107
125 82 3 100 900784 2.008617249
26 12 3 100 1699104 2.008623329
125 80 3 100 195826 2.008627129
52 0 3 100 3272189 2.008627562
117 16 3 100 4678 2.008630601
40 74 3 100 69261 2.008635758
76 82 3 100 6245 2.008642281
21 54 3 100 38191 2.008652529
104 122 3 100 4490 2.008661110
28 3 3 100 1294602 2.008662636
93 13 3 100 32808 2.008666885
45 100 3 100 35234 2.008667211
65 44 3 100 9135866 2.008672235
118 94 3 100 190124 2.008672863
119 59 3 100 616527 2.008686777
126 64 3 100 8233907 2.008689444
36 74 3 100 106648 2.008689819
35 122 3 100 12010653 2.008694255
72 18 3 100 7861607 2.008703996
59 18 3 100 8097641 2.008709832
31 70 3 100 397028 2.008715704
14 65 3 100 17216 2.008716653
2 103 3 100 4212 2.008716915
42 23 3 100 49973 2.008729289
24 0 3 100 693416 2.008731256
68 107 3 100 24333 2.008738604
33 114 3 100 3511652 2.008744091
99 15 3 100 1630859 2.008744726
62 106 3 100 10819858 2.008745527
2 104 3 100 4630 2.008748812
82 123 3 100 21105 2.008750905
29 107 3 100 23953709 2.008751483
114 80 3 100 32467 2.008753560
23 73 3 100 1756825 2.008758245
101 113 3 100 8334517 2.008764477
10 45 3 100 60788 2.008771388
106 7 3 100 979510 2.008771461
83 116 3 100 20409 2.008772743
118 0 3 100 78790 2.008780217
112 46 3 100 85469 2.008780565
88 32 3 100 15234 2.008780946
87 79 3 100 6429 2.008785261
86 14 3 100 31288 2.008799985
40 85 3 100 1255406 2.008800223
94 8 3 100 18613 2.008800779
116 9 3 100 758760 2.008800842
30 45 3 100 3362779 2.008808556
123 36 3 100 21376 2.008809267
36 28 3 100 18602 2.008812706
115 5 3 100 62220 2.008819243
66 60 3 100 10359 2.008828727
109 23 3 100 4987 2.008830616
91 103 3 100 39292 2.008836223
69 41 3 100 2405975 2.008836609
22 88 3 100 37188 2.008836759
11 32 3 100 21468 2.008841182
106 112 3 100 8597140 2.008842308
79 36 3 100 2320575 2.008844305
127 85 3 100 1686986 2.008848047
59 28 3 100 14718333 2.008849117
102 36 3 100 8968829 2.008860060
51 73 3 100 990331 2.008860424
3 126 3 100 7153 2.008861091
92 47 3 100 6573 2.008866330
19 105 3 100 856682 2.008871879
7 54 3 100 58459 2.008882371
79 57 3 100 1644093 2.008882656
38 51 3 100 9889 2.008883282
24 122 3 100 8890153 2.008890441
81 13 3 100 72693 2.008892061
38 115 3 100 1872 2.008892403
39 1 3 100 2883674 2.008905625
102 26 3 100 4132446 2.008913693
23 108 3 100 158618 2.008918415
49 11 3 100 9697 2.008921018
31 8 3 100 116416 2.008927066
79 51 3 100 29217 2.008930412
32 29 3 100 3867875 2.008930504
105 8 3 100 2389402 2.008932015
89 72 3 100 29970 2.008939263
94 107 3 100 67422 2.008940925
58 101 3 100 71804 2.008940981
2 109 3 100 21729 2.008945174
2 114 3 100 584 2.008951015
71 89 3 100 13118 2.008954295
61 126 3 100 1559246 2.008957072
5 58 3 100 23167 2.008966196
63 75 3 100 41845 2.008970553
31 57 3 100 1399586 2.008976354
52 124 3 100 90346 2.008980106
34 6 3 100 27256 2.008984697
37 62 3 100 1697 2.008986978
106 26 3 100 1517909 2.008989513
88 39 3 100 75448 2.008996444
56 21 3 100 13522501 2.009005471
51 0 3 100 2309 2.009011172
69 52 3 100 4878964 2.009012380
73 8 3 100 1113347 2.009014513
56 22 3 100 57021 2.009014597
62 99 3 100 334009 2.009017696
87 42 3 100 1148771 2.009025689
100 121 3 100 3787164 2.009029169
105 51 3 100 2375517 2.009030841
44 80 3 100 6811222 2.009031792
2 16 3 100 36464 2.009040604
3 50 3 100 33555 2.009042450
89 15 3 100 64342 2.009046895
76 115 3 100 568486 2.009048900
119 61 3 100 55570 2.009076229
105 35 3 100 3116235 2.009079358
23 64 3 100 3993 2.009088096
91 55 3 100 6876 2.009091574
71 121 3 100 909171 2.009100728
38 4 3 100 124418 2.009104105
82 42 3 100 23100 2.009105521
101 35 3 100 5736 2.009110772
103 86 3 100 74360 2.009114166
14 101 3 100 1988931 2.009114191
112 108 3 100 22107 2.009115304
57 26 3 100 26071 2.009120478
111 37 3 100 5787 2.009122296
74 82 3 100 18605 2.009132019
6 39 3 100 1265219 2.009136048
105 64 3 100 1446919 2.009136268
11 66 3 100 37563 2.009138182
32 10 3 100 4055117 2.009147129
73 52 3 100 745469 2.009150768
42 13 3 100 27753836 2.009154881
45 114 3 100 1701437 2.009162560
105 117 3 100 21897 2.009165784
65 96 3 100 549334 2.009172161
40 1 3 100 27007379 2.009178639
39 119 3 100 36747 2.009180260
111 47 3 100 581685 2.009183868
12 25 3 100 10302330 2.009184335
15 90 3 100 506648 2.009196254
21 83 3 100 11842064 2.009201052
116 20 3 100 155108 2.009206568
93 27 3 100 56025 2.009206986
102 4 3 100 9610858 2.009212063
24 113 3 100 31888 2.009214160
64 126 3 100 23459 2.009219591
45 90 3 100 5574 2.009219932
102 10 3 100 1923229 2.009235418
116 40 3 100 2175456 2.009254138
118 34 3 100 1695593 2.009261734
15 66 3 100 15062 2.009271418
96 118 3 100 3179920 2.009276583
125 69 3 100 168260 2.009280265
98 89 3 100 20296 2.009283732
66 57 3 100 20345 2.009285640
51 78 3 100 24583 2.009289680
67 114 3 100 44046 2.009292797
62 102 3 100 159477 2.009293760
116 48 3 100 10775446 2.009296285
10 41 3 100 33053 2.009299987
87 64 3 100 2789 2.009305340
45 116 3 100 18385 2.009305790
126 48 3 100 2497784 2.009307649
81 117 3 100 448097 2.009313588
66 29 3 100 29889 2.009314722
33 4 3 100 38932 2.009322951
26 111 3 100 34445 2.009325117
71 104 3 100 155304 2.009327764
123 26 3 100 48009 2.009328607
113 76 3 100 2811581 2.009329699
94 57 3 100 24715 2.009330732
7 124 3 100 147373 2.009341148
29 76 3 100 29138 2.009341639
80 105 3 100 44926 2.009349919
109 119 3 100 9664437 2.009356210
44 22 3 100 18666280 2.009369933
50 5 3 100 9713447 2.009372546
7 64 3 100 20998 2.009373116
25 110 3 100 1101691 2.009373810
0 19 3 100 15200 2.009377906
117 49 3 100 704380 2.009378244
113 35 3 100 4691 2.009379462
95 16 3 100 4765965 2.009385145
31 49 3 100 5594 2.009385734
27 35 3 100 663679 2.009387930
79 80 3 100 9799699 2.009388838
106 12 3 100 27654 2.009391786
6 73 3 100 4811 2.009400543
14 111 3 100 48346 2.009401344
120 11 3 100 25880 2.009406815
120 89 3 100 141438 2.009414487
61 0 3 100 1174084 2.009421938
91 117 3 100 6223922 2.009425226
28 115 3 100 21811 2.009434128
24 79 3 100 38274 2.009434672
62 76 3 100 39924 2.009440648
85 125 3 100 49688 2.009443791
123 40 3 100 1707266 2.009445115
73 122 3 100 5949149 2.009445267
11 40 3 100 3160413 2.009446900
109 115 3 100 60279 2.009453846
39 118 3 100 1329551 2.009464234
55 20 3 100 23008 2.009469673
19 77 3 100 97021 2.009477478
96 26 3 100 543 2.009479027
51 101 3 100 49744 2.009481135
81 39 3 100 2237422 2.009487183
90 97 3 100 6703897 2.009489682
37 17 3 100 9867 2.009495547
93 107 3 100 1080784 2.009499725
33 82 3 100 26641 2.009514139
35 70 3 100 850587 2.009521618
36 108 3 100 125257 2.009530203
87 64 3 100 35803 2.009532572
62 83 3 100 198849 2.009535817
15 109 3 100 6749 2.009546410
99 115 3 100 29480268 2.009546973
77 15 3 100 37998 2.009548422
124 55 3 100 50909 2.009553034
89 122 3 100 38600 2.009553670
77 99 3 100 215536 2.009558487
83 77 3 100 1292341 2.009561579
19 97 3 100 24204 2.009567347
93 50 3 100 71024 2.009576489
59 31 3 100 1190 2.009576550
0 56 3 100 378551 2.009593255
76 52 3 100 4552985 2.009594349
91 1 3 100 31292 2.009613055
117 65 3 100 563334 2.009615889
71 120 3 100 2510 2.009617024
107 113 3 100 27331 2.009620432
79 115 3 100 38128 2.009626780
29 10 3 100 68426 2.009638002
57 74 3 100 58507 2.009653319
125 64 3 100 7080 2.009655022
12 111 3 100 29864 2.009655547
74 29 3 100 719106 2.009656443
68 5 3 100 277 2.009659158
30 1 3 100 2907143 2.009665331
80 78 3 100 6229 2.009667916
15 58 3 100 17005 2.009671362
3 40 3 100 72875 2.009681026
28 91 3 100 530559 2.009704754
94 56 3 100 1468 2.009713936
57 69 3 100 20000 2.009722836
37 79 3 100 409936 2.009729401
96 25 3 100 16971322 2.009731357
115 2 3 100 180936 2.009738661
56 14 3 100 20212983 2.009747285
57 0 3 100 232631 2.009754254
117 73 3 100 5987 2.009756304
89 41 3 100 55410 2.009756924
106 43 3 100 4739988 2.009775014
30 3 3 100 1513815 2.009784157
56 23 3 100 69120 2.009791684
96 49 3 100 23552 2.009795908
37 16 3 100 77001 2.009809503
117 65 3 100 24172 2.009815537
91 108 3 100 2638053 2.009822095
74 124 3 100 34192 2.009829480
94 106 3 100 22575891 2.009831106
29 61 3 100 228 2.009837353
111 84 3 100 5963 2.009841777
117 95 3 100 7873009 2.009873826
115 41 3 100 133600 2.009875818
29 126 3 100 6593 2.009885538
126 101 3 100 4518 2.009900422
3 114 3 100 1142270 2.009920241
106 116 3 100 2655750 2.009921806
43 94 3 100 91243 2.009928415
